   kl=        1000
 kl,ierr=        1000           0
      4   4634.766720602322   0.775001E-03   0.637846E-15  -0.494656E+02
      7   6229.425994778486   0.137944E-03  -0.330921E-13  -0.895261E+00
     10   7786.262139775214  -0.617007E-03  -0.815336E-09   0.221579E+01
     14   8291.879092121040  -0.196497E-03  -0.134386E-12   0.133414E+02
     16   8390.598504424155  -0.572784E-03  -0.711425E-13   0.871010E-10
     18   9301.607413852449  -0.703584E-03  -0.178335E-10   0.205829E+01
     19   9869.694660229346  -0.122555E-02   0.847247E-08   0.619114E+00
     20   9869.694660232870  -0.164609E-03  -0.630791E-07  -0.472460E+00
     21   9966.130570704177  -0.922644E-03   0.948510E-09  -0.564295E-06
     22   9966.130570788542  -0.366179E-05  -0.238991E-06   0.142186E-03
     23  10767.859011996647  -0.138923E-02  -0.933767E-15  -0.270256E+02
     24  10774.398430366804  -0.205390E-15  -0.128054E-02   0.281816E+02
     25  11409.946606682141   0.875976E-03  -0.101329E-13  -0.741474E+01
     26  11506.320096206196   0.513922E-04   0.425923E-12   0.145153E-08
     27  11836.915326400172   0.217974E-02  -0.677685E-12   0.400660E+02
     28  11884.618795189206   0.609449E-05   0.404780E-09   0.270643E-07
     29  12079.438854463497  -0.347346E-03   0.118548E-10   0.169672E+02
     30  12171.424645525178   0.272455E-02   0.146598E-11   0.366532E+01
     31  12908.594812043162   0.967888E-03  -0.366652E-09   0.183329E+01
     32  13008.709020842636  -0.181394E-02  -0.593196E-09   0.679165E-07
     33  13396.501114813680   0.113266E-02  -0.238546E-06  -0.179850E+01
     34  13441.550559913518  -0.989140E-03  -0.786733E-06   0.964406E-04
     35  13486.118248175464  -0.200965E-02   0.304486E-06   0.267025E+02
     36  13634.811632519410  -0.201805E-03  -0.620525E-06   0.235879E+00
     37  14354.881153675811   0.309596E-02  -0.156797E-05   0.649854E+01
     38  14467.414830255304   0.740830E-04   0.244818E-03  -0.183019E-01
     39  14679.253688235538  -0.581132E-03   0.142832E-03  -0.551041E+01
     40  14919.580876716291   0.887007E-03   0.225933E-02  -0.276531E+02
     41  14963.434168492089  -0.190475E-02   0.147386E-02  -0.185035E+00
     42  15159.313691316031   0.111152E-02   0.306911E-02   0.111624E+02
     43  15236.960832264516   0.166901E-02  -0.191708E-02  -0.188737E+02
     44  15505.694706371245  -0.111569E-02  -0.143424E-02   0.218809E+01
     45  15684.746779960115   0.122393E-02  -0.140256E-02  -0.943502E+01
     46  15857.359774036868  -0.923399E-03  -0.106140E-02   0.146082E+02
     47  16408.227867977042  -0.131453E-02   0.154112E-02  -0.231294E+01
     48  16605.984771188356   0.110864E-02   0.732523E-02  -0.411898E+01
     49  16719.493258610535   0.966259E-03  -0.940945E-02   0.503163E+01
     50  17023.561182816182  -0.117467E-02  -0.696154E-02   0.480748E+01
     51  17158.993349930930   0.283832E-02  -0.230437E-02  -0.386673E+01
     52  17789.013742237927  -0.161021E-02  -0.182456E-01   0.204148E+02
     53  17866.072140339656  -0.312321E-02   0.134348E-01   0.130019E+02
     54  18119.304904610457   0.365273E-02   0.774742E-02   0.110631E+02
     55  18355.936009435587  -0.338281E-02   0.799329E-02  -0.426965E+01
     56  18583.734045436784   0.162911E-02   0.108249E-01   0.729291E+01
     57  18976.229370882655  -0.178737E-02   0.600864E-02   0.102783E+02
     58  19321.845555758773   0.187539E-02   0.698312E-02  -0.872229E+01
     59  19620.576453705889  -0.162024E-02   0.933094E-02  -0.418403E+01
     60  19937.600569419734   0.271952E-02   0.526751E-02  -0.577077E+01
     61  20328.804677661730  -0.187279E-02   0.994363E-02  -0.414111E+01
     62  20563.149699182133   0.230411E-02   0.760855E-02  -0.844487E+01
     63  21102.381655018948  -0.261598E-02   0.103333E-01   0.137366E+01
     64  21305.861664384647   0.297968E-02   0.122871E-01  -0.127401E+02
     65  21631.783186761939  -0.415145E-02   0.658724E-02  -0.173548E+01
     66  21945.702278878412   0.191545E-02   0.928093E-02  -0.685454E+01
     67  22483.136490874847  -0.136645E-02   0.116144E-01  -0.125398E+02
     68  22833.785576566293   0.300158E-02   0.777722E-02   0.500782E+00
     69  23147.951061668533  -0.258833E-02   0.835258E-02  -0.118851E+02
     70  23618.906380020620   0.178356E-02   0.110172E-01   0.167252E+01
     71  24005.946484429965  -0.321496E-02   0.722231E-02  -0.859542E+00
     72  24399.199909893330   0.215462E-02   0.106651E-01   0.664782E+01
     73  24913.635499372460  -0.258340E-02   0.139253E-01   0.199174E+01
     74  25210.660799794070   0.411150E-02   0.108813E-01   0.588749E+01
     75  25650.276550826435  -0.341527E-02   0.128629E-01  -0.161262E+02
     76  26006.036863436475   0.395012E-02   0.106364E-01  -0.966620E+01
     77  26439.377102458981  -0.296399E-02   0.103881E-01   0.120810E+01
     78  26992.916422374958   0.267487E-02   0.132967E-01   0.700018E+00
     79  27360.733381721468  -0.434788E-02   0.962733E-02   0.125452E+01
     80  27813.761771957645   0.412456E-02   0.883091E-02  -0.959602E+01
     81  28346.970063563236  -0.310292E-02   0.141464E-01  -0.402574E+01
     82  28740.953172191439   0.390253E-02   0.128128E-01   0.311333E+01
     83  29254.286983634491  -0.426358E-02   0.126035E-01  -0.670532E+01
     84  29718.082971247055   0.561648E-02   0.132773E-01  -0.152655E+01
     85  30060.646762758835  -0.626389E-02   0.106471E-01  -0.944023E+01
     86  30649.668596208019   0.374907E-02   0.130611E-01  -0.128423E+01
     87  31158.841827492859  -0.502693E-02   0.117444E-01  -0.108376E+02
     88  31614.113180958644   0.577263E-02   0.107164E-01   0.288858E+01
     89  32164.336668887499  -0.512991E-02   0.128367E-01  -0.597729E+01
     90  32674.707834804845   0.479352E-02   0.181479E-01  -0.631853E+01
     91  33107.082811730630  -0.637302E-02   0.145538E-01  -0.430186E+01
     92  33634.028947746934   0.793281E-02   0.110027E-01  -0.433943E+00
     93  34121.479791387610  -0.597840E-02   0.140634E-01  -0.269464E+00
     94  34650.153595871830   0.597542E-02   0.126228E-01   0.886105E+01
     95  35179.994142644951  -0.455304E-02   0.148199E-01   0.297683E+01
     96  35745.193111746848   0.514747E-02   0.116956E-01   0.164090E+01
     97  36350.657220781308  -0.650403E-02   0.969972E-02   0.122339E+01
     98  36922.638070330133   0.671805E-02   0.114686E-01  -0.609123E+01
     99  37448.275979689613  -0.612683E-02   0.140490E-01  -0.185951E+01
    100  38008.300770046611   0.739564E-02   0.116600E-01  -0.713150E+01
    101  38606.657199501045  -0.673185E-02   0.140697E-01  -0.393383E+01
    102  39151.930315268401   0.686173E-02   0.150799E-01  -0.384428E+01
    103  39739.464455462185  -0.726611E-02   0.149225E-01   0.602815E+01
    104  40311.259632953617   0.687579E-02   0.168671E-01  -0.269884E+01
    105  40880.155384190824  -0.873699E-02   0.132176E-01  -0.216826E+01
    106  41481.048993408724   0.960857E-02   0.115462E-01  -0.957976E+01
    107  42109.320049090427  -0.864808E-02   0.134739E-01   0.194645E+01
    108  42699.853895588814   0.833259E-02   0.149032E-01  -0.594390E+01
    109  43314.280184196388  -0.970148E-02   0.131385E-01   0.304580E+01
    110  43913.338201058556   0.933453E-02   0.132819E-01  -0.384226E+01
    111  44581.348127872850  -0.935363E-02   0.132749E-01  -0.893055E+00
    112  45240.513211602833   0.994632E-02   0.148175E-01   0.399843E+00
    113  45851.797848454160  -0.925932E-02   0.190469E-01   0.541057E+01
    114  46448.268827451466   0.117612E-01   0.159115E-01   0.578393E+01
    115  47061.076711123133  -0.115291E-01   0.151433E-01   0.603354E+01
    116  47727.804289463922   0.982152E-02   0.162679E-01   0.279618E+01
    117  48418.895568354295  -0.103024E-01   0.159297E-01  -0.126008E+02
    118  49099.478150500603   0.130232E-01   0.147055E-01   0.357657E+01
    119  49696.636931846027  -0.119369E-01   0.161714E-01  -0.805716E+01
    120  50438.949604066904   0.127140E-01   0.155486E-01  -0.717487E+00
    121  51056.401333162699  -0.122948E-01   0.168916E-01   0.694248E+01
    122  51782.703270166232   0.141838E-01   0.147185E-01   0.139466E+02
    123  52449.070880173655  -0.130664E-01   0.170655E-01   0.373692E+00
    124  53141.474930441109   0.145117E-01   0.153507E-01  -0.650847E+01
    125  53866.178572011377  -0.149701E-01   0.156823E-01   0.269138E+00
    126  54572.467556719464   0.141327E-01   0.186383E-01   0.701189E+01
    127  55256.542826268189  -0.164253E-01   0.171897E-01   0.261914E+01
    128  55965.004177355615   0.171415E-01   0.169211E-01  -0.708969E+00
    129  56676.669287648350  -0.175464E-01   0.169683E-01   0.458515E+01
    130  57396.911094189563   0.158392E-01   0.191883E-01  -0.433110E+01
    131  58115.093554886756  -0.176183E-01   0.170949E-01  -0.149984E+01
    132  58878.397600007302   0.194865E-01   0.158807E-01  -0.557335E+01
    133  59606.910168983537  -0.193941E-01   0.167826E-01  -0.281161E+01
    134  60375.515536639505   0.201094E-01   0.174839E-01  -0.112808E+02
    135  61090.228801843135  -0.211798E-01   0.175288E-01   0.708954E+01
    136  61851.610207691803   0.223794E-01   0.165667E-01  -0.161068E+01
    137  62621.880141442038  -0.215557E-01   0.180559E-01   0.265685E+01
    138  63372.132304983250   0.231279E-01   0.174802E-01   0.858863E+00
    139  64146.948888609317  -0.214235E-01   0.191694E-01   0.125007E+00
    140  64926.575261564380   0.231802E-01   0.182288E-01  -0.572299E+01
    141  65731.473153783518  -0.240523E-01   0.192901E-01  -0.404519E+01
    142  66475.385204286082   0.250694E-01   0.196648E-01  -0.378549E+01
    143  67266.280731302148  -0.254358E-01   0.191753E-01   0.239575E+00
    144  68073.177643252217   0.265001E-01   0.190494E-01   0.204505E+01
    145  68858.385417061058  -0.274015E-01   0.189632E-01  -0.532634E+01
    146  69675.314162121824   0.276708E-01   0.192989E-01   0.104139E+01
    147  70470.334548680097  -0.286902E-01   0.190684E-01   0.797044E+00
    148  71290.764483905994   0.287482E-01   0.190260E-01  -0.367468E+00
    149  72119.692283022741  -0.291491E-01   0.190877E-01   0.291399E+01
    150  72960.893451274766   0.316536E-01   0.184966E-01  -0.228459E+01
    151  73786.334629337522  -0.304157E-01   0.205019E-01  -0.198310E+01
    152  74610.152688521295   0.314286E-01   0.204105E-01  -0.518903E+00
    153  75455.455362141496  -0.339507E-01   0.192683E-01  -0.424902E+01
    154  76295.115285025124   0.338816E-01   0.195880E-01   0.168816E+01
    155  77161.883585584204  -0.341661E-01   0.199475E-01  -0.171556E+01
    156  78009.763570866504   0.342170E-01   0.204828E-01  -0.974502E+00
    157  78889.408419453219  -0.357433E-01   0.203190E-01  -0.220231E+01
    158  79739.966925023124   0.356791E-01   0.207353E-01   0.504661E+01
    159  80657.388551350974  -0.374771E-01   0.208264E-01   0.419444E+01
    160  81528.811922002598   0.438183E-01   0.199865E-01  -0.372996E+01
    161  82396.027081200184  -0.459023E-01   0.207028E-01  -0.574846E+01
    162  83260.562849744776   0.488165E-01   0.201610E-01  -0.553732E+00
    163  84160.755571571819  -0.500248E-01   0.204509E-01   0.136872E+00
    164  85037.171208349260   0.511359E-01   0.207906E-01  -0.131640E+01
    165  85944.167406386157  -0.528003E-01   0.207324E-01   0.463345E+00
    166  86847.744949727945   0.558344E-01   0.207538E-01  -0.530834E-01
    167  87739.736350298786  -0.563805E-01   0.213233E-01  -0.898653E+00
    168  88656.198404700408   0.589784E-01   0.209892E-01   0.764395E-02
    169  89565.227069783097  -0.590545E-01   0.217286E-01  -0.150836E+01
    170  90484.008958452774   0.612151E-01   0.216038E-01  -0.236525E+00
    171  91396.667133636060  -0.608619E-01   0.219904E-01  -0.125720E+01
    172  92337.252824052674   0.621839E-01   0.217920E-01  -0.145179E+01
    173  93271.696683134272  -0.627522E-01   0.223450E-01  -0.976334E+00
    174  94200.223738945249   0.646611E-01   0.219681E-01  -0.100211E+01
    175  95154.016008053557  -0.648864E-01   0.221276E-01   0.118022E+00
    176  96100.444844945392   0.653063E-01   0.224358E-01  -0.105207E+01
    177  97056.256269254445  -0.682693E-01   0.216963E-01  -0.821656E+00
    178  98027.417487038707   0.687394E-01   0.222324E-01  -0.132051E+01
    179  98980.878895299378  -0.704733E-01   0.224020E-01  -0.377458E+00
    180  99944.017633365191   0.691151E-01   0.229620E-01  -0.375631E+00
    181 100924.676893000360  -0.711413E-01   0.225161E-01  -0.156067E+01
    182 101901.964373826238   0.721074E-01   0.225674E-01  -0.135452E+01
    183 102891.497988121191  -0.714911E-01   0.232302E-01  -0.139062E+01
    184 103873.369844734509   0.731310E-01   0.230890E-01   0.566745E+00
    185 104873.712226034608  -0.745420E-01   0.230256E-01  -0.708251E+00
    186 105867.656159668637   0.761495E-01   0.230521E-01  -0.165078E+00
    187 106866.914003644677  -0.765834E-01   0.231644E-01  -0.156416E+00
    188 107875.692009372491   0.769582E-01   0.232316E-01  -0.122964E+00
    189 108890.891721539752  -0.762627E-01   0.237837E-01   0.629310E-01
    190 109904.486056547612   0.786974E-01   0.233013E-01  -0.915748E+00
    191 110932.703581694775  -0.780667E-01   0.238328E-01  -0.236478E+00
    192 111953.017162366406   0.781039E-01   0.241368E-01  -0.566184E+00
    193 112990.465089919453  -0.811366E-01   0.235403E-01  -0.192958E+01
    194 114016.331189490578   0.796204E-01   0.241096E-01  -0.444188E+00
    195 115070.271524612181  -0.806069E-01   0.239781E-01  -0.870890E+00
    196 116110.330016506094   0.825801E-01   0.237413E-01  -0.998173E+00
    197 117170.640957568874  -0.821100E-01   0.242747E-01  -0.789605E+00
    198 118220.870960825123   0.832021E-01   0.245592E-01  -0.557701E+00
    199 119270.796695596247   0.835963E-01  -0.244275E-01  -0.170171E+00
    200 120356.046754856550  -0.856540E-01  -0.242761E-01   0.446471E+00
    201 121410.307219268609   0.856223E-01  -0.250012E-01   0.134746E+01
    202 122481.397701926428  -0.866872E-01  -0.248477E-01   0.178462E+00
    203 123554.365603390062  -0.863014E-01   0.249510E-01  -0.110788E+01
    204 124646.956861300147   0.867969E-01   0.250251E-01  -0.131470E+01
    205 125729.376443538349  -0.875509E-01   0.252365E-01   0.578051E+00
    206 126819.489352337550  -0.886230E-01  -0.251258E-01   0.307770E+00
    207 127915.331660952230   0.884099E-01  -0.253596E-01   0.191605E+01
    208 129015.880463705224   0.890476E-01   0.253271E-01  -0.257798E+01
    209 130126.159317331796  -0.904003E-01   0.252969E-01  -0.124767E+00
    210 131226.960423837416  -0.890138E-01  -0.258779E-01   0.469992E+00
    211 132350.341514686093  -0.902792E-01   0.257134E-01  -0.364715E+00
    212 133465.169868158817   0.910769E-01   0.259466E-01  -0.143961E+01
    213 134584.295782417787   0.910564E-01  -0.262022E-01   0.203620E+01
    214 135704.774869926594   0.915593E-01   0.259830E-01  -0.290157E+00
    215 136843.391006976744  -0.924230E-01   0.256651E-01  -0.630125E+00
    216 137983.403141358081  -0.913287E-01  -0.262358E-01   0.120138E+01
    217 139124.827483678033   0.925397E-01  -0.262521E-01   0.197655E+00
    218 140265.642717069539  -0.926990E-01  -0.264101E-01   0.148630E+00
    219 141417.785962359485   0.932362E-01  -0.264188E-01   0.113122E+01
    220 142570.511529443000   0.941224E-01   0.264246E-01  -0.916268E+00
    221 143728.432388593938   0.942390E-01  -0.266654E-01   0.453004E+00
    222 144884.175957030762  -0.940310E-01  -0.268380E-01  -0.167470E+00
    223 146049.135310754878   0.942179E-01  -0.266258E-01   0.161643E+01
    224 147228.811380748783  -0.933619E-01  -0.270170E-01   0.124177E+01
    225 148396.680177757808   0.943485E-01  -0.269312E-01   0.132940E+01
    226 149575.853333189472   0.939268E-01   0.269296E-01   0.461868E+00
    227 150764.008245427278  -0.925944E-01   0.273168E-01   0.187458E-01
    228 151956.533085743926   0.930208E-01   0.275055E-01  -0.455607E+00
    229 153139.848507471179   0.944112E-01  -0.272573E-01   0.528518E+00
    230 154333.234937559726   0.927056E-01   0.274584E-01  -0.436420E+00
    231 155544.499727970455   0.925577E-01  -0.274947E-01   0.502775E+00
    232 156743.593783328455   0.923600E-01   0.276772E-01  -0.988909E+00
    233 157951.546147880115   0.912647E-01  -0.277471E-01   0.538050E+00
    234 159176.258147144981   0.907213E-01   0.279746E-01  -0.605992E+00
    235 160386.630593994021   0.915996E-01  -0.278363E-01   0.738050E+00
    236 161608.674137594906   0.899709E-01   0.280867E-01  -0.497732E+00
    237 162842.486393986095   0.902543E-01  -0.279777E-01   0.586107E+00
    238 164069.526707722223   0.893867E-01   0.282802E-01  -0.448395E+00
    239 165306.679030715022   0.884461E-01  -0.284656E-01   0.537033E+00
    240 166545.873661676131   0.876732E-01   0.285881E-01  -0.857634E+00
    241 167796.567142669170   0.874898E-01  -0.286906E-01   0.420289E+00
    242 169040.909727986407   0.869491E-01   0.289699E-01  -0.774509E+00
    243 170297.198191021889   0.874177E-01  -0.289582E-01   0.292610E+00
    244 171544.190854287386   0.869675E-01   0.292056E-01  -0.878972E-01
    245 172794.207310743572   0.857654E-01  -0.290410E-01   0.598295E+00
    246 174073.520214635471   0.849177E-01   0.289952E-01  -0.604960E+00
    247 175331.543758250336   0.833775E-01  -0.292452E-01   0.837276E+00
    248 176621.336715335463   0.827151E-01   0.292141E-01  -0.675519E+00
    249 177899.901197669504   0.831734E-01  -0.293955E-01   0.170941E+00
    250 179171.355927519879   0.824894E-01   0.295889E-01  -0.850104E+00
    251 180458.194462012209   0.813656E-01  -0.296343E-01   0.172836E+00
    252 181750.802250780805   0.810181E-01   0.295572E-01  -0.619950E+00
    253 183047.729304812034   0.804242E-01  -0.297507E-01   0.524001E+00
    254 184342.480446597270   0.805606E-01   0.296342E-01  -0.548090E+00
    255 185647.028818291932   0.795851E-01  -0.299209E-01   0.787304E+00
    256 186952.269662624487   0.791756E-01   0.302174E-01  -0.643376E+00
    257 188244.846419466048   0.771626E-01  -0.305831E-01   0.542980E+00
    258 189566.528420166840   0.768120E-01   0.300172E-01  -0.348893E+00
    259 190885.989808525599   0.765217E-01  -0.297645E-01   0.371446E+00
    260 192211.699598929001   0.752374E-01   0.298710E-01  -0.297715E+00
    261 193552.515340200305   0.753060E-01  -0.299797E-01   0.710228E+00
    262 194870.248767166835   0.738490E-01   0.307160E-01  -0.255414E+00
    263 196204.143877658207   0.728143E-01  -0.308278E-01   0.638538E+00
    264 197540.195280174405   0.736263E-01   0.301608E-01   0.849156E-01
    265 198885.123530147946   0.700012E-01  -0.314075E-01   0.438847E+00
    266 200232.908935415064   0.706799E-01   0.309881E-01  -0.586621E+00
    267 201572.530338223034   0.707434E-01  -0.304199E-01   0.424287E+00
    268 202950.124405413429   0.699261E-01   0.306739E-01  -0.824807E+00
    269 204294.531505869149   0.683295E-01  -0.317231E-01   0.635835E-03
    270 205644.614347209979   0.686261E-01   0.309772E-01  -0.380157E+00
    271 207021.920115446846   0.674553E-01  -0.310013E-01  -0.493274E-01
    272 208388.380365696328   0.661925E-01   0.314023E-01  -0.310496E+00
    273 209764.597800222866   0.667952E-01  -0.308819E-01   0.724173E+00
    274 211134.860025496164   0.643276E-01   0.316371E-01  -0.139391E+00
    275 212523.018333078595   0.636930E-01  -0.314084E-01   0.875316E+00
    276 213917.528470758116   0.634420E-01   0.315284E-01   0.104502E-01
    277 215296.258222269680   0.621171E-01  -0.320316E-01   0.405801E+00
    278 216699.976394746453   0.627035E-01   0.315736E-01  -0.784953E+00
    279 218081.527842777985   0.626560E-01  -0.312278E-01   0.435585E+00
    280 219506.763953105343   0.611934E-01   0.319223E-01  -0.236322E+00
    281 220895.903083563549   0.611662E-01  -0.323847E-01   0.379618E+00
    282 222290.337622956606   0.607128E-01   0.321419E-01  -0.272140E+00
    283 223704.836056086875   0.583226E-01  -0.327679E-01   0.314519E+00
    284 225127.610757236747   0.589068E-01   0.323307E-01  -0.298797E+00
    285 226533.567346762022   0.570145E-01  -0.332322E-01   0.359012E+00
    286 227944.310256379686   0.569896E-01   0.321758E-01  -0.349357E+00
    287 229390.791279098950   0.551703E-01  -0.323427E-01   0.361215E+00
    288 230833.511051289388   0.556579E-01   0.321680E-01  -0.396495E+00
    289 232260.521916207945   0.551099E-01  -0.324949E-01   0.358010E+00
    290 233710.861473286146   0.549568E-01   0.327557E-01  -0.347360E+00
    291 235132.564662152843   0.545044E-01  -0.329887E-01   0.354948E+00
    292 236587.882668153819   0.535399E-01   0.333007E-01  -0.367392E+00
    293 238027.166838264617   0.518372E-01  -0.343307E-01   0.413439E+00
    294 239483.760074730671   0.536340E-01   0.331180E-01  -0.417199E+00
    295 240925.709386508766   0.530655E-01  -0.333440E-01   0.346546E+00
    296 242380.151224981295   0.522612E-01   0.332630E-01  -0.368984E+00
    297 243845.811758558382   0.521929E-01  -0.328662E-01   0.364684E+00
    298 245312.271793659864   0.511235E-01   0.334013E-01  -0.371907E+00
    299 246771.528119123279   0.503974E-01  -0.334734E-01   0.387347E+00
    300 248248.883990756789   0.501946E-01   0.330892E-01  -0.346557E+00
    301 249726.010251893487   0.477221E-01  -0.345978E-01   0.378038E+00
    302 251196.642619428952   0.496694E-01   0.327761E-01  -0.335163E+00
    303 252687.984593072877   0.475423E-01  -0.337758E-01   0.380545E+00
    304 254167.312344378181   0.468592E-01   0.337969E-01  -0.358871E+00
    305 255672.439539645537   0.465038E-01  -0.338086E-01   0.377337E+00
    306 257153.656964743364   0.462792E-01   0.337451E-01  -0.350250E+00
    307 258664.243638244545   0.461289E-01  -0.335928E-01   0.359478E+00
    308 260157.973449590500   0.448278E-01   0.345752E-01  -0.381864E+00
    309 261660.489096240082   0.451587E-01  -0.339806E-01   0.345484E+00
    310 263176.448244036117   0.451503E-01   0.340217E-01  -0.367523E+00
    311 264668.243935322098   0.448019E-01  -0.339209E-01   0.382308E+00
    312 266207.942376131716   0.442135E-01   0.342677E-01  -0.358651E+00
    313 267714.335712008353   0.443382E-01  -0.347942E-01   0.350443E+00
    314 269220.622646857984   0.456406E-01   0.337097E-01  -0.328017E+00
    315 270741.474209164095   0.438656E-01  -0.347597E-01   0.319521E+00
    316 272260.642001829343   0.428435E-01   0.352604E-01  -0.358237E+00
    317 273788.167092330812   0.424220E-01  -0.352090E-01   0.343226E+00
    318 275311.041702762013   0.429664E-01   0.340010E-01  -0.347307E+00
    319 276878.558799371705   0.418829E-01  -0.350339E-01   0.332842E+00
    320 278385.191167050507   0.406116E-01   0.363537E-01  -0.368487E+00
    321 279937.976700638421   0.410437E-01  -0.355363E-01   0.320668E+00
    322 281476.867250886455   0.401493E-01   0.365820E-01  -0.372591E+00
    323 282994.532963827543   0.405825E-01  -0.353525E-01   0.344897E+00
    324 284561.422238636471   0.383018E-01   0.361557E-01  -0.358567E+00
    325 286131.933483351720   0.394290E-01  -0.351763E-01   0.361309E+00
    326 287670.555676301534   0.389416E-01   0.355031E-01  -0.328800E+00
    327 289232.336320264381   0.380964E-01  -0.353942E-01   0.326133E+00
    328 290820.618517594063   0.382069E-01   0.353640E-01  -0.343725E+00
    329 292375.170090904343   0.376432E-01  -0.364959E-01   0.361927E+00
    330 293926.284062763210   0.375448E-01   0.361997E-01  -0.364155E+00
    331 295495.942639144603   0.371176E-01  -0.355287E-01   0.314296E+00
    332 297103.891333164531   0.364933E-01   0.362020E-01  -0.339573E+00
    333 298666.540021308756   0.378701E-01  -0.356196E-01   0.340502E+00
    334 300231.489413833129   0.376490E-01   0.355900E-01  -0.345377E+00
    335 301806.085603025334   0.359393E-01  -0.362835E-01   0.359734E+00
    336 303425.998753039865   0.347858E-01   0.376348E-01  -0.330355E+00
    337 304982.296196146694   0.358057E-01  -0.368785E-01   0.359292E+00
    338 306573.701483564684   0.361376E-01   0.357658E-01  -0.320947E+00
    339 308167.618254683563   0.356261E-01  -0.357021E-01   0.301092E+00
    340 309774.280251581629   0.351871E-01   0.360542E-01  -0.287425E+00
    341 311337.061179635231   0.349222E-01  -0.349710E-01   0.295749E+00
    342 313018.330128040805   0.341630E-01   0.355795E-01  -0.290483E+00
    343 314578.200594292546   0.342997E-01  -0.359719E-01   0.301905E+00
    344 316245.085742825002   0.335440E-01   0.377166E-01  -0.314149E+00
    345 317787.907662333222   0.333024E-01  -0.390168E-01   0.349420E+00
    346 319373.238602238242   0.326463E-01   0.370087E-01  -0.324715E+00
    347 321099.924310380826   0.341561E-01  -0.359792E-01   0.292546E+00
    348 322650.352692686662   0.328464E-01   0.397072E-01  -0.318958E+00
    349 324240.528142685653   0.329981E-01  -0.381664E-01   0.308818E+00
    350 325895.243181666767   0.325646E-01   0.381368E-01  -0.306167E+00
    351 327487.210550783551   0.319127E-01  -0.386458E-01   0.341067E+00
    352 329126.027054673876   0.312348E-01   0.383612E-01  -0.346211E+00
    353 330753.927381820569   0.314226E-01  -0.372661E-01   0.319514E+00
    354 332422.690709701332   0.306142E-01   0.384554E-01  -0.326432E+00
    355 334015.814023122541   0.315147E-01  -0.368501E-01   0.309121E+00
    356 335727.504370407667   0.312191E-01   0.376655E-01  -0.318286E+00
    357 337315.661981081648   0.310734E-01  -0.393721E-01   0.320067E+00
    358 338928.785048715828   0.325453E-01   0.362905E-01  -0.276483E+00
    359 340591.742370822292   0.302250E-01  -0.376857E-01   0.285633E+00
    360 342244.718328763498   0.309629E-01   0.363425E-01  -0.291149E+00
    361 343892.251026141690   0.289523E-01  -0.381678E-01   0.338765E+00
    362 345558.296184071049   0.303023E-01   0.357477E-01  -0.306827E+00
    363 347239.826662750973   0.281572E-01  -0.388268E-01   0.266644E+00
    364 348879.131801896903   0.291081E-01   0.378222E-01  -0.295076E+00
    365 350551.679426086892   0.280300E-01  -0.391768E-01   0.290101E+00
    366 352200.598997555324   0.291800E-01   0.374979E-01  -0.266257E+00
    367 353874.301093712915   0.285367E-01  -0.379720E-01   0.291326E+00
    368 355535.522048597457   0.281445E-01   0.381364E-01  -0.277254E+00
    369 357217.583690292842   0.282593E-01  -0.375671E-01   0.292063E+00
    370 358909.881422735984   0.283822E-01   0.381139E-01  -0.269501E+00
    371 360554.671900592279   0.274519E-01  -0.397644E-01   0.320298E+00
    372 362238.654634427337   0.283163E-01   0.384276E-01  -0.264159E+00
    373 363872.897932719905   0.262747E-01  -0.399760E-01   0.303016E+00
    374 365623.763670541812   0.276722E-01   0.375485E-01  -0.271051E+00
    375 367252.807909406838   0.270465E-01  -0.383246E-01   0.298492E+00
    376 368997.443598013720   0.269022E-01   0.382607E-01  -0.278989E+00
    377 370660.444158517290   0.276722E-01  -0.384327E-01   0.281309E+00
    378 372309.136649444059   0.270549E-01   0.380821E-01  -0.269863E+00
    379 374046.473282967694   0.268785E-01  -0.374776E-01   0.255920E+00
    380 375706.666889460001   0.275272E-01   0.359328E-01  -0.271009E+00
    381 377471.877045950387   0.263649E-01  -0.377534E-01   0.282498E+00
    382 379113.356209612102   0.250444E-01   0.401355E-01  -0.297642E+00
    383 380849.235295215854   0.247318E-01  -0.397655E-01   0.277290E+00
    384 382565.909540344437   0.258773E-01   0.390976E-01  -0.310372E+00
    385 384246.621422252269   0.255855E-01  -0.404459E-01   0.286403E+00
    386 385921.610952907591   0.242182E-01   0.419056E-01  -0.308144E+00
    387 387638.779761669517   0.249711E-01  -0.394439E-01   0.263740E+00
    388 389343.018653980980   0.250108E-01   0.383999E-01  -0.258741E+00
    389 391070.851011608611   0.244029E-01  -0.382340E-01   0.273147E+00
    390 392830.380532509822   0.244652E-01   0.389841E-01  -0.283798E+00
    391 394485.979527095624   0.244154E-01  -0.387611E-01   0.284088E+00
    392 396270.715202212799   0.233148E-01   0.401027E-01  -0.263056E+00
    393 397960.136392668181   0.247694E-01  -0.384075E-01   0.276188E+00
    394 399688.087141585129   0.236775E-01   0.392546E-01  -0.268970E+00
    395 401470.071485923196   0.228080E-01  -0.421157E-01   0.280703E+00
    396 403168.158983236121   0.252589E-01   0.407258E-01  -0.237698E+00
    397 404806.718841536669   0.232700E-01  -0.428008E-01   0.286904E+00
    398 406606.149874732655   0.224498E-01   0.427144E-01  -0.292275E+00
    399 408313.331139314221   0.235384E-01  -0.412854E-01   0.310060E+00
    400 410074.768770155497   0.246515E-01   0.402740E-01  -0.261778E+00
    401 411763.659414426133   0.231086E-01  -0.441249E-01   0.307637E+00
    402 413450.527010295773   0.251925E-01   0.389413E-01  -0.269900E+00
    403 415185.428672216192   0.224059E-01  -0.406875E-01   0.267147E+00
    404 416980.914569485176   0.228608E-01   0.391133E-01  -0.255194E+00
    405 418680.563688273891   0.224891E-01  -0.390293E-01   0.262107E+00
    406 420471.877625536465   0.212326E-01   0.398887E-01  -0.261839E+00
    407 422263.904065868817   0.219373E-01  -0.406107E-01   0.273808E+00
    408 423926.206385332567   0.223263E-01   0.401894E-01  -0.268289E+00
    409 425712.289420143876   0.215048E-01  -0.405646E-01   0.290751E+00
    410 427406.708688169718   0.216603E-01   0.387282E-01  -0.235510E+00
    411 429231.237121667655   0.215202E-01  -0.373950E-01   0.216675E+00
    412 431005.070223678369   0.218846E-01   0.381101E-01  -0.223064E+00
    413 432733.633818522969   0.207833E-01  -0.409989E-01   0.278024E+00
    414 434452.283361580048   0.219805E-01   0.372417E-01  -0.226794E+00
    415 436252.182733279245   0.197578E-01  -0.394523E-01   0.260546E+00
    416 438070.929914072738   0.185944E-01   0.434129E-01  -0.269564E+00
    417 439752.884592412098   0.202083E-01  -0.393173E-01   0.247939E+00
    418 441661.367402814212   0.209601E-01   0.390516E-01  -0.240115E+00
    419 443331.784286855953   0.198227E-01  -0.440327E-01   0.252941E+00
    420 445129.996310318005   0.213196E-01   0.413598E-01  -0.229657E+00
    421 446883.364294121799   0.217494E-01  -0.433625E-01   0.253677E+00
    422 448533.382757676765   0.217366E-01   0.423883E-01  -0.269792E+00
    423 450330.908355243853   0.199303E-01  -0.426617E-01   0.253592E+00
    424 452106.576771043590   0.203120E-01   0.406687E-01  -0.250673E+00
    425 453871.001921986055   0.193602E-01  -0.408344E-01   0.254367E+00
    426 455706.112455791677   0.206904E-01   0.376053E-01  -0.228985E+00
    427 457501.756519365648   0.191281E-01  -0.423405E-01   0.251378E+00
    428 459285.079754414794   0.194986E-01   0.442845E-01  -0.267607E+00
    429 460988.365317256888   0.207338E-01  -0.425882E-01   0.234420E+00
    430 462727.382280961552   0.200748E-01   0.415808E-01  -0.259091E+00
    431 464538.776702052564   0.190347E-01  -0.419198E-01   0.254095E+00
    432 466321.912942458817   0.190723E-01   0.413857E-01  -0.245487E+00
    433 468125.252244726056   0.196661E-01  -0.407153E-01   0.224888E+00
    434 469834.747442125226   0.173632E-01   0.444951E-01  -0.257080E+00
    435 471720.823563737853   0.195777E-01  -0.393576E-01   0.233458E+00
    436 473382.344682310941   0.177239E-01   0.423847E-01  -0.267848E+00
    437 475289.539701726811   0.187538E-01  -0.382911E-01   0.204235E+00
    438 477022.841034900455   0.177714E-01   0.406027E-01  -0.222631E+00
    439 478916.546670256997   0.178811E-01  -0.423988E-01   0.244093E+00
    440 480548.120970727818   0.191103E-01   0.397540E-01  -0.198767E+00
    441 482404.583941476478   0.182665E-01  -0.380971E-01   0.219421E+00
    442 484209.679865511367   0.163575E-01   0.421684E-01  -0.234098E+00
    443 485998.160589542123   0.170511E-01  -0.391371E-01   0.227244E+00
    444 487907.960856366961   0.178170E-01   0.395966E-01  -0.217942E+00
    445 489590.399645147612   0.174915E-01  -0.421234E-01   0.232770E+00
    446 491407.928547052841   0.178254E-01   0.397881E-01  -0.214979E+00
    447 493203.314739394817   0.169267E-01  -0.415952E-01   0.240418E+00
    448 495014.113689672027   0.167028E-01   0.422256E-01  -0.234776E+00
    449 496809.001124977658   0.169026E-01  -0.425304E-01   0.239925E+00
    450 498533.459149165312   0.174373E-01   0.389942E-01  -0.211656E+00
    451 500445.744657935167   0.169359E-01  -0.385481E-01   0.224177E+00
    452 502260.742862862768   0.155766E-01   0.445681E-01  -0.267075E+00
    453 504041.826845731703   0.172426E-01  -0.422688E-01   0.238667E+00
    454 505779.846688020625   0.163213E-01   0.437893E-01  -0.215102E+00
    455 507629.033192031668   0.163505E-01  -0.426888E-01   0.228111E+00
    456 509394.470343875349   0.151263E-01   0.452319E-01  -0.242324E+00
    457 511332.393630919454   0.157170E-01  -0.473752E-01   0.256061E+00
    458 512940.262078703614   0.172972E-01   0.447852E-01  -0.233309E+00
    459 514751.853089598124   0.149322E-01  -0.467234E-01   0.245708E+00
    460 516542.070537396241   0.155660E-01   0.412976E-01  -0.219285E+00
    461 518391.907388579159   0.145007E-01  -0.406153E-01   0.223797E+00
    462 520347.509054905211   0.144843E-01   0.430791E-01  -0.248537E+00
    463 522085.457615103223   0.168042E-01  -0.417286E-01   0.233341E+00
    464 523735.306257073884   0.155687E-01   0.415904E-01  -0.207000E+00
    465 525638.054825036437   0.145284E-01  -0.378934E-01   0.193614E+00
    466 527630.860594292288   0.136493E-01   0.437474E-01  -0.233870E+00
    467 529294.205320318462   0.147628E-01  -0.429139E-01   0.227755E+00
    468 531176.701334174606   0.144478E-01   0.430849E-01  -0.229351E+00
    469 532932.113543479820   0.145433E-01  -0.429593E-01   0.223532E+00
    470 534805.772169581614   0.143314E-01   0.437785E-01  -0.202859E+00
    471 536584.419043797301   0.143292E-01  -0.453295E-01   0.241121E+00
    472 538408.145922575262   0.155474E-01   0.434839E-01  -0.222231E+00
    473 540082.392191582825   0.153193E-01  -0.420899E-01   0.216530E+00
    474 541946.989359177882   0.132256E-01   0.426341E-01  -0.205306E+00
    475 543877.797923254198   0.146624E-01  -0.388348E-01   0.183542E+00
    476 545665.176973070018   0.129758E-01   0.468756E-01  -0.252538E+00
    477 547445.678237217595   0.152237E-01  -0.403813E-01   0.182567E+00
    478 549218.646932343137   0.147135E-01   0.400670E-01  -0.194596E+00
    479 551045.486989458674   0.139868E-01  -0.393776E-01   0.207089E+00
    480 552898.991891489248   0.146551E-01   0.359433E-01  -0.186036E+00
    481 554794.118220415432   0.155769E-01  -0.351325E-01   0.166237E+00
    482 556538.522356822737   0.122503E-01   0.454958E-01  -0.214100E+00
    483 558408.705192806316   0.139282E-01  -0.398055E-01   0.210885E+00
    484 560177.838628457161   0.145565E-01   0.382778E-01  -0.178168E+00
    485 561976.905434525106   0.134093E-01  -0.386093E-01   0.187778E+00
    486 563942.205025343923   0.129295E-01   0.413933E-01  -0.210282E+00
    487 565662.267502616160   0.136221E-01  -0.417609E-01   0.194678E+00
    488 567463.516038981965   0.134367E-01   0.403799E-01  -0.196838E+00
    489 569326.774718216970   0.134720E-01  -0.398512E-01   0.182689E+00
    490 571096.373685256927   0.113900E-01   0.459635E-01  -0.208715E+00
    491 572988.789284615428   0.140195E-01  -0.363091E-01   0.149394E+00
    492 574826.906900519971   0.111608E-01   0.470915E-01  -0.225024E+00
    493 576677.737389215850   0.131727E-01  -0.423815E-01   0.213189E+00
    494 578471.477753997548   0.118169E-01   0.512813E-01  -0.242362E+00
    495 580190.972038587555   0.141305E-01  -0.434327E-01   0.194239E+00
    496 581909.062726521050   0.127654E-01   0.419931E-01  -0.194312E+00
    497 583887.631676701712   0.124999E-01  -0.387901E-01   0.179114E+00
    498 585757.590755850310   0.121920E-01   0.427399E-01  -0.209609E+00
    499 587543.851509073982   0.132808E-01  -0.420138E-01   0.198828E+00
    500 589293.549665939761   0.109824E-01   0.501786E-01  -0.233548E+00
    501 591137.337641578168   0.128186E-01  -0.421041E-01   0.187052E+00
    502 592844.587969508953   0.116822E-01   0.420974E-01  -0.193012E+00
    503 594884.785966636613   0.109774E-01  -0.443798E-01   0.204627E+00
    504 596535.679342755000   0.132253E-01   0.372463E-01  -0.167064E+00
    505 598492.768945433432   0.104448E-01  -0.446770E-01   0.193262E+00
    506 600298.287643382559   0.123200E-01   0.398485E-01  -0.169986E+00
    507 602093.927057182998   0.101130E-01  -0.478376E-01   0.219235E+00
    508 604009.240906744264   0.124826E-01   0.403616E-01  -0.181552E+00
    509 605790.781577588059   0.114316E-01  -0.486643E-01   0.218208E+00
    510 607504.035360699170   0.125188E-01   0.436329E-01  -0.190286E+00
    511 609424.429070797632   0.129265E-01  -0.433283E-01   0.195369E+00
    512 611064.133212006418   0.110313E-01   0.501109E-01  -0.209814E+00
    513 612960.978328957339   0.112599E-01  -0.444964E-01   0.206070E+00
    514 614820.620078548673   0.118114E-01   0.446136E-01  -0.193449E+00
    515 616496.173072641133   0.114755E-01  -0.442156E-01   0.189934E+00
    516 618409.818566693808   0.102020E-01   0.458159E-01  -0.191883E+00
    517 620192.890532796620   0.104316E-01  -0.432637E-01   0.184763E+00
    518 622173.932911578566   0.111330E-01   0.436693E-01  -0.199336E+00
    519 623797.842164765811   0.111291E-01  -0.450265E-01   0.202873E+00
    520 625713.813942732173   0.115958E-01   0.410950E-01  -0.166475E+00
    521 627491.657960937358   0.125447E-01  -0.394639E-01   0.168080E+00
    522 629296.763696423266   0.947992E-02   0.538235E-01  -0.232031E+00
    523 630944.170538882026   0.101664E-01  -0.454399E-01   0.192116E+00
    524 632926.582180905039   0.108835E-01   0.378938E-01  -0.169021E+00
    525 634709.981290464173   0.987986E-02  -0.416903E-01   0.184003E+00
    526 636636.454369650106   0.109637E-01   0.393601E-01  -0.162132E+00
    527 638371.921113640070   0.119292E-01  -0.393533E-01   0.163585E+00
    528 640110.235200095689   0.934913E-02   0.496498E-01  -0.209250E+00
    529 641811.269225141732   0.113190E-01  -0.357339E-01   0.170548E+00
    530 643748.540518878261   0.104322E-01   0.336152E-01  -0.149322E+00
    531 645595.570896268357   0.934405E-02  -0.362081E-01   0.151871E+00
    532 647521.461766001070   0.918370E-02   0.382235E-01  -0.150359E+00
    533 649310.173095801496   0.104177E-01  -0.364640E-01   0.151404E+00
    534 651082.973802893306   0.101262E-01   0.376536E-01  -0.164675E+00
    535 652945.322521290160   0.909360E-02  -0.429259E-01   0.180719E+00
    536 654694.529967421782   0.980147E-02   0.408017E-01  -0.164107E+00
    537 656488.398271871498   0.102320E-01  -0.373170E-01   0.143196E+00
    538 658385.098156802007   0.951376E-02   0.411933E-01  -0.157682E+00
    539 660144.446712352103   0.868997E-02  -0.482422E-01   0.202736E+00
    540 661903.403310426977   0.790122E-02   0.527856E-01  -0.215338E+00
    541 663735.074410431203   0.889112E-02  -0.475024E-01   0.192859E+00
    542 665472.269745838363   0.930811E-02   0.462271E-01  -0.208217E+00
    543 667189.356636508717   0.870868E-02  -0.449199E-01   0.183720E+00
    544 669121.756189615116   0.837370E-02   0.451253E-01  -0.186358E+00
    545 670779.722247914295   0.887101E-02  -0.402779E-01   0.165920E+00
    546 672792.923081091023   0.890873E-02   0.385505E-01  -0.157465E+00
    547 674569.736338521587   0.921659E-02  -0.421063E-01   0.174635E+00
    548 676303.705126631074   0.907773E-02   0.447398E-01  -0.183646E+00
    549 678023.725622779340   0.923502E-02  -0.414488E-01   0.164986E+00
    550 679917.996513686725   0.106188E-01   0.352073E-01  -0.141232E+00
    551 681684.728720687330   0.823264E-02  -0.479809E-01   0.196552E+00
    552 683464.154265158577   0.746269E-02   0.554173E-01  -0.223366E+00
    553 685167.617780429777   0.924764E-02  -0.456846E-01   0.179306E+00
    554 686768.497516555944   0.661244E-02   0.527779E-01  -0.211519E+00
    555 688905.878129735938   0.748994E-02  -0.433327E-01   0.160867E+00
    556 690529.910985232913   0.794814E-02   0.446523E-01  -0.178451E+00
    557 692264.558083019801   0.833680E-02  -0.374049E-01   0.152085E+00
    558 694194.205618022475   0.772628E-02   0.380230E-01  -0.160500E+00
    559 695960.982711326214   0.822186E-02  -0.361205E-01   0.142526E+00
    560 697890.452202338725   0.718236E-02   0.458163E-01  -0.180355E+00
    561 699563.500870493357   0.703149E-02  -0.543815E-01   0.207839E+00
    562 701160.553848267533   0.773489E-02   0.463537E-01  -0.188997E+00
    563 702942.909498230671   0.778548E-02  -0.375694E-01   0.149309E+00
    564 704912.217902698088   0.740776E-02   0.387946E-01  -0.149206E+00
    565 706635.120526285027   0.623752E-02  -0.517662E-01   0.195486E+00
    566 708164.494798938278   0.738033E-02   0.370941E-01  -0.152960E+00
    567 710287.858353984077   0.705512E-02  -0.326999E-01   0.126261E+00
    568 712079.754047429655   0.671570E-02   0.385847E-01  -0.150708E+00
    569 713912.274857197888   0.719788E-02  -0.407780E-01   0.157692E+00
    570 715691.617415819201   0.786217E-02   0.475705E-01  -0.181188E+00
    571 717108.102402723162   0.740969E-02  -0.497654E-01   0.184064E+00
    572 718838.942244867329   0.790231E-02   0.328334E-01  -0.123321E+00
    573 721033.353053399944   0.554763E-02  -0.484748E-01   0.182148E+00
    574 722494.968002647045   0.659835E-02   0.430282E-01  -0.158229E+00
    575 724550.208490750636   0.558359E-02  -0.514319E-01   0.193489E+00
    576 726199.079189086217   0.750392E-02   0.484183E-01  -0.186362E+00
    577 727641.296866018442   0.690007E-02  -0.469341E-01   0.175966E+00
    578 729609.559492286295   0.619230E-02   0.415064E-01  -0.153600E+00
    579 731403.919097967795   0.544608E-02  -0.481309E-01   0.180455E+00
    580 733269.018076284439   0.768555E-02   0.397053E-01  -0.142437E+00
    581 734782.638023409876   0.631260E-02  -0.494224E-01   0.187644E+00
    582 736637.922673188616   0.752910E-02   0.380928E-01  -0.141186E+00
    583 738382.716494697146   0.746382E-02  -0.416696E-01   0.161929E+00
    584 739965.555692665162   0.597928E-02   0.493746E-01  -0.167725E+00
    585 741867.713105028495   0.562767E-02  -0.521490E-01   0.205600E+00
    586 743452.431176488753   0.596747E-02   0.542101E-01  -0.192074E+00
    587 744882.093437402160   0.555933E-02  -0.449067E-01   0.159964E+00
    588 746919.658718329039   0.684119E-02   0.249970E-01  -0.928944E-01
    589 748754.248339869548   0.480354E-02  -0.345286E-01   0.133112E+00
    590 750558.625658749719   0.544058E-02   0.305459E-01  -0.107223E+00
    591 752318.384535835707   0.412904E-02  -0.392976E-01   0.138731E+00
    592 754289.761126543628   0.626896E-02   0.307126E-01  -0.110949E+00
    593 755840.215680884314   0.428841E-02  -0.530536E-01   0.195380E+00
    594 757480.359813243733   0.565415E-02   0.379569E-01  -0.116685E+00
    595 759300.827325383783   0.590776E-02  -0.379909E-01   0.138212E+00
    596 760691.082528863917   0.468015E-02   0.414755E-01  -0.138771E+00
    597 762766.653792825877   0.418802E-02  -0.356272E-01   0.124509E+00
    598 764647.993804162717   0.441360E-02   0.447948E-01  -0.155086E+00
    599 765952.392878948012   0.499827E-02  -0.376143E-01   0.131569E+00
    600 768034.542172833346   0.410708E-02   0.365653E-01  -0.130147E+00
    601 769890.825005438528   0.504301E-02  -0.409552E-01   0.143969E+00
    602 771325.418741292320   0.518231E-02   0.468653E-01  -0.161539E+00
    603 772783.773192035267   0.457682E-02  -0.406255E-01   0.141757E+00
    604 774844.222344237030   0.491981E-02   0.291638E-01  -0.101114E+00
    605 776712.622196297278   0.365777E-02  -0.495941E-01   0.168815E+00
    606 778223.589948937646   0.563498E-02   0.362536E-01  -0.126493E+00
    607 779940.397009639884   0.467839E-02  -0.424615E-01   0.150242E+00
    608 781621.516704661888   0.422489E-02   0.478169E-01  -0.167173E+00
    609 783388.206125148223   0.504300E-02  -0.483533E-01   0.172210E+00
    610 784597.906462301617   0.542490E-02   0.384954E-01  -0.152431E+00
    611 786746.335612712544   0.601174E-02  -0.243832E-01   0.780018E-01
    612 788542.360916257370   0.396022E-02   0.508507E-01  -0.167907E+00
    613 789820.256799659575   0.405213E-02  -0.481584E-01   0.164807E+00
    614 791760.079100173316   0.410724E-02   0.383488E-01  -0.133638E+00
    615 793357.483882591594   0.417899E-02  -0.377478E-01   0.117410E+00
    616 795189.015159680392   0.444353E-02   0.384357E-01  -0.139133E+00
    617 796577.410762163228   0.621985E-02  -0.260466E-01   0.978627E-01
    618 798481.872006182908   0.360523E-02   0.385637E-01  -0.131034E+00
    619 800228.467928018887   0.408749E-02  -0.465037E-01   0.160086E+00
    620 801299.412018998410   0.293453E-02   0.553719E-01  -0.177731E+00
    621 803229.679462741944   0.377115E-02  -0.200880E-01   0.658209E-01
    622 805580.484510926646   0.279823E-02   0.302436E-01  -0.101408E+00
    623 807190.824385873857   0.423575E-02  -0.327859E-01   0.110139E+00
    624 808498.530445687007   0.373860E-02   0.392195E-01  -0.125214E+00
    625 810121.455855730106   0.367634E-02  -0.289266E-01   0.902706E-01
    626 812451.604620884638   0.394272E-02   0.482155E-01  -0.167623E+00
    627 813303.412225619308   0.319185E-02  -0.668653E-01   0.226711E+00
    628 815046.013240555185   0.452901E-02   0.254700E-01  -0.894323E-01
    629 817018.047389310785   0.292824E-02  -0.403428E-01   0.136141E+00
    630 818329.527636938379   0.285378E-02   0.386777E-01  -0.122995E+00
    631 820509.367293998948   0.291094E-02  -0.386146E-01   0.128989E+00
    632 821917.993390436633   0.387694E-02   0.365510E-01  -0.117014E+00
    633 823700.819556524744   0.340123E-02  -0.616801E-01   0.208642E+00
    634 824571.678181377240   0.197181E-02   0.918332E-01  -0.309085E+00
    635 826823.247349848272   0.201407E-02  -0.455948E-01   0.147741E+00
    636 828539.822300767642   0.308831E-02   0.383772E-01  -0.127976E+00
    637 829934.934078617604   0.206089E-02  -0.582594E-01   0.190385E+00
    638 831765.239066166687   0.291397E-02   0.399072E-01  -0.136493E+00
    639 833359.957279201597   0.390027E-02  -0.361956E-01   0.117165E+00
    640 834818.566074009868   0.339377E-02   0.435882E-01  -0.137412E+00
    641 836498.517361886567   0.297256E-02  -0.592847E-01   0.197759E+00
    642 837539.197633065167   0.355403E-02   0.414734E-01  -0.134051E+00
    643 839438.498905048938   0.189259E-02  -0.415972E-01   0.134090E+00
    644 840928.524282183265   0.188298E-02   0.289862E-01  -0.960562E-01
    645 843460.953096679994   0.304865E-02  -0.199733E-01   0.619758E-01
    646 844894.225517813233   0.382955E-02   0.265475E-01  -0.686377E-01
    647 846347.977246123715   0.351272E-02  -0.357665E-01   0.111935E+00
    648 847897.907785714371   0.235031E-02   0.704407E-01  -0.226732E+00
    649 848943.119838379906   0.310887E-02  -0.460915E-01   0.144879E+00
    650 850687.073406731361   0.279211E-02   0.274217E-01  -0.893209E-01
    651 852537.371474076295   0.221528E-02  -0.302006E-01   0.974443E-01
    652 854255.407534142607   0.103416E-02   0.817398E-01  -0.259763E+00
    653 855528.676237858948   0.302550E-02  -0.269419E-01   0.846547E-01
    654 857496.160448862705   0.232692E-02   0.366711E-01  -0.118523E+00
    655 858757.298616210348   0.229979E-02  -0.416791E-01   0.133492E+00
    656 860339.352878435398   0.146805E-02   0.547924E-01  -0.175429E+00
    657 862058.998788119992   0.295301E-02  -0.306800E-01   0.100986E+00
    658 863374.944942093105   0.171220E-02   0.574976E-01  -0.181715E+00
    659 864815.559008458047   0.288966E-02  -0.288421E-01   0.782208E-01
    660 866226.887000382412   0.223076E-02   0.274739E-01  -0.850223E-01
    661 867821.369124750723   0.198012E-02  -0.198448E-01   0.611885E-01
    662 869489.361171453842   0.198561E-02   0.125052E-01  -0.367971E-01
    663 872070.918602395104   0.430208E-02  -0.129547E-01   0.326286E-01
    664 872792.915675767465   0.252944E-02   0.262931E-01  -0.810573E-01
    665 874799.117985190940   0.311702E-02  -0.190820E-01   0.604001E-01
    666 875926.679615692119   0.416167E-02   0.169499E-01  -0.542959E-01
    667 877321.734639866860   0.135591E-02  -0.389410E-01   0.122163E+00
    668 879023.100131442421   0.258786E-02   0.184123E-01  -0.575408E-01
    669 880449.225218626321   0.120293E-02  -0.571891E-01   0.176905E+00
    670 881073.855772146839   0.336992E-02   0.138521E-01  -0.474159E-01
    671 884397.418198533007   0.203607E-02  -0.763619E-02   0.243417E-01
    672 885972.842592499801   0.246424E-02   0.178921E-01  -0.543564E-01
    673 886900.449592191027   0.308990E-02  -0.169821E-01   0.610883E-01
    674 888816.362262876239   0.368473E-02   0.207311E-01  -0.677913E-01
    675 889605.156308541424   0.158978E-02  -0.505505E-01   0.156207E+00
    676 891597.120480042300   0.257127E-02   0.354165E-01  -0.101669E+00
    677 892358.396793705644   0.268139E-02  -0.362526E-01   0.122370E+00
    678 893858.833420103998   0.895434E-03   0.645729E-01  -0.209561E+00
    679 894944.669288260397   0.489538E-03  -0.808292E-01   0.259215E+00
    680 896147.186557547306   0.453238E-03   0.298778E-01  -0.808098E-01
    681 900200.585591473733   0.201538E-02  -0.170117E-01   0.446099E-01
    682 900767.130951293162   0.254504E-02   0.234880E-01  -0.620105E-01
    683 901820.223130010301   0.426482E-02  -0.102355E-01   0.304819E-01
    684 903373.976871841587   0.286430E-02   0.121512E-01  -0.203985E-01
    685 904767.108885000343   0.163132E-02  -0.243568E-01   0.723513E-01
    686 906034.716331911040   0.165189E-02   0.270306E-01  -0.728534E-01
    687 907173.583618072094   0.292683E-02  -0.161300E-01   0.494784E-01
    688 907815.268742916174   0.186265E-02   0.136867E-01  -0.446290E-01
    689 911621.935889057117   0.162940E-03  -0.104054E+00   0.311466E+00
    690 912157.829244207242   0.464606E-03   0.468527E-01  -0.140160E+00
    691 914064.784600632032   0.103838E-02  -0.191998E-01   0.578549E-01
    692 915240.918427973404   0.246483E-02   0.128190E-01  -0.417258E-01
    693 916369.407911026152   0.374964E-02  -0.898625E-02   0.324759E-01
    694 917574.772416080465   0.291087E-02   0.911362E-02  -0.243818E-01
    695 919024.987062098575   0.180906E-02  -0.117367E-01   0.342422E-01
    696 920488.088642120012   0.103127E-02   0.348624E-01  -0.104556E+00
    697 921019.170725034550   0.131180E-02  -0.239436E-01   0.745181E-01
    698 922060.937090721796   0.176726E-02   0.356752E-02  -0.747180E-02
    699 925224.661498066038   0.125482E-02  -0.669854E-03   0.265775E-02
    700 928105.882118640817   0.989661E-03   0.687346E-02  -0.256701E-01
    701 929118.306310835877   0.303600E-03  -0.122747E+00   0.358078E+00
    702 929586.236069263774   0.101334E-02   0.441321E-01  -0.136537E+00
    703 930628.271656580386   0.887637E-03  -0.236185E-01   0.731034E-01
    704 931696.371273334720   0.199930E-02   0.437172E-02  -0.845917E-02
    705 934467.768340408453   0.786104E-03  -0.116276E-01   0.241900E-01
    706 935434.372564489720   0.183875E-02   0.961145E-02  -0.152286E-01
    707 936687.429248433327   0.198037E-02  -0.174871E-01   0.498626E-01
    708 937206.437942401855   0.153817E-02   0.190742E-01  -0.519275E-01
    709 938712.611339054420   0.186010E-02  -0.350924E-02   0.126881E-01
    710 941801.623629604001   0.629536E-03   0.766653E-01  -0.217039E+00
    711 942197.289500309853   0.202631E-02  -0.378429E-01   0.109166E+00
    712 943299.170700565563   0.545922E-03   0.132953E+00  -0.380572E+00
    713 944260.600607967353   0.129883E-02  -0.872081E-01   0.249099E+00
    714 944734.910898401635   0.112184E-02   0.717374E-01  -0.205044E+00
    715 946542.755923205055   0.240412E-02  -0.133706E-01   0.378128E-01
    716 946947.709276701091   0.153591E-02   0.155803E-01  -0.336521E-01
    717 949999.736793635879   0.148934E-02  -0.167929E-01   0.480428E-01
    718 950341.828791093663   0.307551E-02   0.114928E-01  -0.336323E-01
    719 951187.109159684624   0.181494E-02  -0.114163E-01   0.248360E-01
    720 951742.485299107386   0.366935E-03   0.264985E-01  -0.684236E-01
    721 953022.662446444039   0.562005E-05  -0.148137E+00   0.415695E+00
    722 956662.609713222482   0.192041E-02   0.716628E-04  -0.354525E-02
    723 958791.787692644633   0.129031E-02  -0.104947E-02  -0.276272E-02
    724 959442.623629009118  -0.282305E-04  -0.106478E+00   0.300643E+00
    725 960299.028650908615   0.245998E-02  -0.144629E-02   0.623436E-02
    726 961069.311752987793   0.247535E-03   0.996900E-02  -0.398501E-01
    727 962339.859580168501   0.149546E-02  -0.639290E-03   0.173939E-02
    728 964527.602390206419   0.484776E-03   0.454247E-02  -0.154827E-01
    729 965341.911929371650   0.354742E-02  -0.209008E-02   0.145557E-02
    730 965926.198358573834   0.222729E-02   0.672362E-02  -0.139213E-01
    731 966220.323268172331   0.902038E-03  -0.116361E-01   0.307111E-01
    732 967006.320851856144   0.130183E-02   0.811479E-03  -0.181195E-02
    733 969524.798508782056   0.611858E-03  -0.795325E-04   0.117784E-02
    734 970741.434033570345   0.103879E-02   0.270311E-04  -0.537231E-04
    735 973457.757769481628  -0.301672E-04   0.170493E-01  -0.472896E-01
    736 973506.878789608134   0.174886E-02   0.298028E-03  -0.847211E-03
    737 975022.193407042068   0.198924E-06  -0.992522E-01   0.274982E+00
    738 977724.859981846646   0.114387E-02   0.282221E-03  -0.111860E-02
    739 977890.321317725582   0.171568E-02  -0.234259E-03  -0.828255E-02
    740 978629.635038026492   0.197683E-02   0.542494E-04  -0.340093E-02
    741 980571.916020315024   0.293794E-02  -0.758738E-04   0.227809E-03
    742 980913.271625379566   0.471115E-03   0.627026E-03  -0.164856E-02
    743 981836.197705877712   0.305667E-02  -0.102582E-03   0.506431E-04
    744 982177.649415589403   0.194644E-02   0.187014E-03  -0.515621E-03
    745 982406.142805330106   0.102498E-02  -0.141699E-03   0.653286E-02
    746 987456.951676657307  -0.341344E-06  -0.328829E-01   0.944816E-01
    747 987574.827113091364   0.475281E-03  -0.291916E-04  -0.191030E-03
    748 988385.161366937449  -0.184094E-05  -0.184742E-01   0.501593E-01
    749 988421.000195537461   0.129144E-02  -0.242340E-04   0.428570E-02
    750 993534.523922602413   0.416506E-03   0.314043E-02  -0.878846E-02
    751 993535.565567092155   0.364551E-03  -0.359593E-02   0.104537E-01
    752 994550.628254917916   0.466132E-03   0.178908E-04   0.102338E-01
    753 995947.892163184122   0.484375E-03  -0.533292E-02   0.845300E-02
    754 996006.918173206504   0.162916E-03   0.321579E-01  -0.840432E-01
    755 996069.060250462499   0.458206E-03  -0.586546E-02   0.164058E-01
    756 997399.815637959517  -0.578291E-04  -0.345490E-01   0.928370E-01
    757 997419.596504758694   0.311790E-02  -0.652340E-03   0.205560E-02
    758 998035.860952127608   0.228720E-02   0.309834E-03   0.137996E-02
    759 998065.532657237258   0.138103E-02  -0.476948E-03  -0.112524E-01
    760 998394.629388219910   0.374939E-03   0.327512E-04  -0.889319E-04
    7611002905.710981945973   0.380619E-03  -0.890171E-07   0.663576E-04
    7621002907.428597058402  -0.862131E-03  -0.392182E-07   0.106007E-06
    7631009275.897098930203   0.453331E-03  -0.183123E-06   0.492264E-06
    7641009277.213536608149   0.590280E-04   0.141086E-05   0.930452E-02
    7651010577.850542049157   0.175174E-02  -0.273041E-07  -0.311754E-02
    7661010605.892826040741   0.146878E-02   0.345987E-07  -0.928728E-07
    7671011356.057419680874   0.417086E-03  -0.404074E-05  -0.564570E-03
    7681011358.022422872367  -0.325727E-02  -0.519709E-06   0.139409E-05
    7691011541.157457381370   0.590520E-03  -0.182145E-07   0.153623E-03
    7701013736.148985151085   0.635562E-03   0.151871E-10   0.516951E-02
    7711014380.446339892340   0.105737E-02  -0.673436E-11  -0.430707E-04
    7721014694.353184898384   0.171765E-02   0.158234E-11  -0.429992E-11
    7731020640.621100349585   0.156642E-02  -0.552218E-12   0.312565E-02
    7741020642.728438113350   0.479330E-03   0.180572E-11   0.208456E-10
    7751025245.749576741364   0.219899E-02  -0.437015E-10   0.132050E-09
    7761025246.320674651652   0.194020E-02   0.495921E-10  -0.759927E-03
    7771026807.194674472674  -0.112877E-02   0.523961E-09   0.496248E-02
    7781026809.034123757388   0.148523E-02   0.399905E-09  -0.103739E-08
    7791027505.813872976345   0.107577E-02  -0.720946E-11  -0.220825E-02
    7801027766.729677596362   0.124997E-03   0.464853E-10  -0.123430E-09
    7811028693.884030333720   0.614663E-03  -0.176548E-11   0.875143E-02
    7821029541.223284860724   0.189487E-02   0.396698E-12   0.510599E-03
    7831030472.650562794995  -0.598195E-03   0.500741E-09   0.426604E-03
    7841030474.235429846216   0.670599E-03   0.447468E-09  -0.117370E-08
    7851030837.862150907167   0.406129E-03  -0.260030E-11   0.110215E-01
    7861031135.082191681373   0.157839E-02   0.104387E-12  -0.449414E-12
    7871032991.051607373403   0.448458E-16   0.110633E+00  -0.290674E+00
    7881041409.249119844404  -0.113971E-02  -0.108861E-12  -0.456587E-10
    7891041410.207138580503   0.234870E-02  -0.529152E-13   0.683194E-02
    7901041638.034487969242  -0.631189E-16  -0.201413E-01   0.466875E-01
    7911042092.265416449518  -0.921949E-04   0.726205E-12   0.223931E-02
    7921042093.645439086831   0.543312E-03   0.123781E-12  -0.156250E-10
    7931045351.434298805660   0.535049E-03  -0.335831E-10   0.365797E-02
    7941045351.436553686857   0.114514E-09   0.156921E-03   0.325405E-02
    7951046005.134942092351  -0.590671E-03   0.316397E-09  -0.124236E-03
    7961046005.135225733276  -0.362433E-08  -0.515644E-04   0.853671E-05
    7971047520.425988214440  -0.197011E-02   0.182746E-08  -0.895440E-04
    7981047520.425997638609  -0.427853E-06  -0.841479E-05   0.111170E-03
    7991047800.447508576559   0.208367E-02  -0.215014E-08   0.553635E-08
    8001047800.447511928040   0.906386E-06   0.494289E-05  -0.127277E-04
    8011057665.273801741423  -0.396383E-03   0.287170E-12  -0.295535E-11
    8021057665.316647107247  -0.532061E-11  -0.218924E-04   0.108558E-03
    8031057667.221812071744  -0.121881E-03   0.217533E-13  -0.354912E-03
    8041058412.084234150825  -0.196494E-16  -0.561428E-01   0.143146E+00
    8051060855.839948469307  -0.418633E-03   0.212938E-11   0.292792E-02
    8061060858.098288057139   0.115788E-02   0.349159E-11   0.265912E-11
    8071060858.759481049143  -0.170669E-11   0.184696E-02  -0.434712E-02
    8081061024.456172340084   0.631461E-04   0.434331E-10  -0.176767E-03
    8091061024.469664922450  -0.107556E-10   0.254941E-03  -0.825612E-03
    8101063465.842657075496   0.313959E-03   0.378442E-07  -0.479258E-02
    8111063465.842657083645   0.163562E-02  -0.726422E-08   0.706940E-02
    8121064322.070698046824  -0.281713E-03  -0.142131E-06  -0.754712E-02
    8131064322.070698054740   0.116639E-02  -0.343283E-07  -0.123542E-01
    8141064561.479304962093  -0.113468E-03  -0.238942E-07   0.607141E-07
    8151064561.479305015411  -0.621870E-05   0.435981E-06  -0.110781E-05
    8161070529.919020433910  -0.591023E-03  -0.469613E-08  -0.482566E-03
    8171070529.919020652771  -0.387760E-05   0.715783E-06   0.474478E-03
    8181070531.445841761539   0.292929E-02   0.749318E-11  -0.163281E-10
    8191070531.445866726339   0.296081E-08  -0.741389E-05   0.187356E-04
    8201073782.466306021903  -0.205505E-03  -0.420538E-07   0.105977E-06
    8211073782.466306029586   0.207166E-02  -0.417167E-08   0.104678E-07
    8221073783.343989286805  -0.371546E-03  -0.324328E-07  -0.597281E-02
    8231073783.343989292625   0.143911E-02  -0.837340E-08   0.352165E-02
    8241079368.310551009607   0.828378E-07   0.858376E-12  -0.273637E-02
    8251079368.310551016591  -0.230376E-06   0.308382E-12   0.128896E-02
    8261080981.365340405144   0.136882E-03   0.205727E-13   0.171660E-03
    8271080981.365340414923  -0.914578E-03   0.288192E-14  -0.126965E-03
    8281081390.926843068097  -0.576005E-04  -0.205209E-11   0.674803E-04
    8291081390.926843071356   0.135907E-02  -0.868531E-13   0.734534E-04
    8301081484.901275901590   0.309804E-04   0.124302E-11  -0.329086E-11
    8311081484.901275906712  -0.110546E-02   0.361784E-13   0.336769E-12
    8321089830.141742497683  -0.312218E-17   0.694392E-02  -0.172215E-01
    8331089844.333445706870  -0.162435E-03   0.414787E-11   0.101555E-03
    8341089844.333445718512   0.105323E-02   0.639417E-12   0.138591E-03
    8351089846.024200027343   0.782173E-03  -0.112352E-11   0.368537E-11
    8361089846.024200035259  -0.211315E-02  -0.414870E-12   0.765826E-12
    8371091257.732606267789  -0.925549E-06   0.171681E-06   0.911862E-03
    8381091257.732606284088  -0.601954E-04  -0.112863E-07  -0.933928E-03
    8391091257.732606288511   0.584877E-03  -0.889901E-09  -0.107699E-02
    8401098195.647663148819  -0.209994E-05  -0.257395E-06  -0.504242E-02
    8411098195.647663157666  -0.316230E-04   0.400424E-07  -0.478621E-02
    8421098195.647663165582   0.917104E-04   0.791345E-08   0.281648E-02
    8431098527.397975639673   0.750219E-05  -0.319138E-06   0.787491E-06
    8441098527.397975645261   0.471797E-03   0.118038E-07  -0.291265E-07
    8451098527.397975651314  -0.399061E-03   0.795556E-08  -0.196308E-07
    8461099038.208155791974  -0.113154E-04  -0.252893E-07  -0.968400E-02
    8471099038.208155796630  -0.298690E-03   0.379241E-08   0.179285E-02
    8481099038.208155798260   0.278882E-03   0.303567E-08  -0.109144E-01
    8491103838.586927033495  -0.380629E-17   0.296131E+00  -0.727185E+00
    8501109685.078760054428  -0.645402E-05  -0.750402E-07   0.183290E-06
    8511109685.078760061180  -0.170446E-03   0.115460E-07  -0.281939E-07
    8521109685.078760062810  -0.902836E-03  -0.164332E-08   0.400580E-08
    8531109688.209016038803  -0.609947E-04   0.873007E-07   0.163738E-02
    8541109688.209016040200   0.929251E-04   0.187098E-06  -0.417359E-02
    8551109688.209016041597  -0.719286E-03   0.167683E-07   0.225309E-02
    8561115526.911833918188   0.415569E-04   0.186188E-09   0.218296E-04
    8571115526.911833947059  -0.822058E-03   0.774317E-10   0.349760E-04
    8581115526.911833951483   0.202731E-02   0.275818E-10   0.581567E-04
    8591115526.943098801188  -0.101646E-17   0.500891E-03  -0.125825E-02
    8601115827.958660274046  -0.394373E-06  -0.111672E-09   0.271036E-09
    8611115827.958660277538   0.360971E-06  -0.203101E-09   0.493053E-09
    8621115827.958660283126  -0.225876E-05  -0.129597E-10   0.314476E-10
    8631116992.697628639638   0.277111E-03  -0.511241E-09  -0.399299E-04
    8641116992.697628647089  -0.184930E-02  -0.172368E-09   0.833715E-05
    8651116992.697628652910  -0.108370E-02   0.163411E-09   0.101210E-03
    8661116992.697725917678  -0.666243E-16  -0.254110E-04   0.124667E-03
    8671120572.355241647689   0.330187E-03  -0.265046E-12   0.435610E-12
    8681120572.355241650948  -0.177694E-03  -0.606636E-12   0.142912E-11
    8691120572.355241663521  -0.480937E-04   0.420547E-12  -0.840150E-12
    8701120573.533747219015   0.960259E-04   0.839805E-12  -0.223197E-04
    8711120573.533747222973   0.152840E-03  -0.744160E-12  -0.200450E-05
    8721120573.533747232519   0.495509E-04   0.666750E-12   0.547925E-06
    8731133026.001351200743  -0.181820E-07   0.358225E-11   0.344049E-02
    8741133026.001351212384  -0.166276E-03  -0.240184E-12  -0.309865E-02
    8751133026.001351213548   0.110259E-02  -0.352162E-13  -0.555483E-02
    8761133026.001351214945  -0.606748E-03   0.920280E-15  -0.151589E-02
    8771133301.556307903258  -0.132230E-04   0.109570E-11  -0.279767E-11
    8781133301.556307910476   0.663857E-04   0.123419E-11  -0.280354E-11
    8791133301.556307914667  -0.721662E-03   0.161288E-12  -0.416687E-12
    8801133301.556307917694   0.174104E-02   0.278632E-13   0.484541E-13
    8811133315.273349417374  -0.138083E-17  -0.892903E-02   0.215337E-01
    8821135126.805597795639  -0.716885E-06  -0.489085E-07   0.192276E-02
    8831135126.805597805418   0.807078E-05  -0.368496E-07   0.449721E-02
    8841135126.805597811006  -0.507365E-04  -0.146565E-07   0.783487E-02
    8851135126.805597814964   0.176606E-03  -0.320023E-08   0.242280E-02
    8861135126.805597821483  -0.156879E-03  -0.534836E-09   0.988984E-02
    8871149875.286024146946   0.729256E-08  -0.316409E-11   0.714047E-04
    8881149875.286024156027   0.121335E-06   0.121360E-11  -0.115935E-03
    8891149875.286024163710   0.138367E-04  -0.171442E-12   0.140227E-03
    8901149875.286024164874  -0.832827E-03  -0.305510E-14   0.133681E-03
    8911149875.286024168832  -0.121152E-03   0.216009E-14  -0.101981E-03
    8921150113.295375485439   0.304052E-08   0.138615E-10  -0.323631E-10
    8931150113.295375487534  -0.138575E-05   0.186715E-12  -0.322031E-12
    8941150113.295375493821   0.658994E-05   0.575117E-13  -0.989323E-13
    8951150113.295375498245   0.143153E-03  -0.207049E-14   0.191975E-13
    8961150113.295375503367  -0.294762E-03  -0.778604E-15  -0.401598E-13
    8971153422.216236731969  -0.351766E-04   0.720701E-09   0.540145E-04
    8981153422.216236731969   0.642699E-03   0.426503E-10   0.318335E-04
    8991153422.216236738022   0.532553E-04  -0.335036E-09   0.483794E-04
    9001153422.216236738954   0.582973E-04   0.291400E-09   0.128897E-04
    9011153422.216236744542   0.491430E-05  -0.334507E-09  -0.135090E-04
    9021153422.216236748733   0.358553E-05   0.122598E-09  -0.120697E-04
    9031169381.303457252914  -0.187817E-08   0.366902E-10  -0.705288E-03
    9041169381.303457264090   0.216726E-06   0.156488E-10  -0.773476E-03
    9051169381.303457266884  -0.347407E-06   0.177153E-10  -0.245049E-02
    9061169381.303457271773  -0.207010E-05  -0.209018E-11   0.134040E-02
    9071169381.303457275964   0.159197E-03  -0.427862E-12   0.277834E-02
    9081169381.303457276197  -0.822740E-03  -0.807337E-13   0.253003E-02
    9091169658.265142103424  -0.472303E-06  -0.210831E-09   0.488608E-09
    9101169658.265142104123   0.509136E-05  -0.181667E-10   0.420701E-10
    9111169658.265142106684  -0.949610E-03   0.873928E-14   0.167305E-13
    9121169658.265142113669  -0.626629E-08  -0.218373E-09   0.506291E-09
    9131169658.265142125310  -0.862942E-09   0.208903E-09  -0.484313E-09
    9141169658.265142144402  -0.365869E-10  -0.241973E-09   0.561172E-09
    9151171893.413053665543   0.261392E-05  -0.219452E-09   0.221663E-03
    9161171893.413053672994   0.643841E-05   0.669578E-09   0.107747E-02
    9171171893.413053680444  -0.106754E-04   0.119053E-08   0.179320E-02
    9181171893.413053687662   0.467052E-04   0.594750E-09   0.437976E-02
    9191171893.413053692784  -0.175087E-03   0.205977E-09   0.655341E-02
    9201171893.413053696277   0.123475E-02   0.141098E-10   0.619687E-02
    9211171893.413053705823  -0.166300E-03   0.989144E-12   0.612079E-02
    9221184364.389560782118  -0.801653E-09  -0.245019E-13   0.165040E-05
    9231184364.389560798183  -0.815161E-06   0.113441E-13   0.165357E-05
    9241184364.389560801443   0.545004E-06   0.822634E-13   0.180720E-05
    9251184364.389560806099   0.708778E-05  -0.467684E-13  -0.632152E-05
    9261184364.389560807496  -0.670749E-04  -0.235235E-13  -0.127821E-04
    9271184364.389560808428  -0.220929E-03   0.597225E-14  -0.319173E-05
    9281184364.389560815878   0.603950E-05  -0.138057E-14   0.102296E-04
    9291184681.641681856243   0.438706E-09  -0.775638E-11   0.176916E-10
    9301184681.641681863461   0.142822E-08   0.343118E-09  -0.785922E-09
    9311184681.641681863694   0.379301E-09  -0.164325E-08   0.376563E-08
    9321184681.641681865789  -0.295413E-08  -0.517849E-10   0.119003E-09
    9331184681.641681873240   0.314103E-04  -0.359304E-14   0.103302E-12
    9341184681.641681874404   0.274282E-05   0.344805E-13  -0.563296E-14
    9351184681.641681877431   0.849040E-06  -0.153602E-13   0.208741E-13
    9361190528.537047940074  -0.169682E-07  -0.152655E-09  -0.611783E-06
    9371190528.537047942402  -0.973467E-08   0.570234E-09  -0.224489E-05
    9381190528.537047952414   0.992426E-06   0.612245E-10  -0.503123E-05
    9391190528.537047955906  -0.111658E-02   0.139630E-12   0.252892E-05
    9401190528.537047959166  -0.369311E-05  -0.485796E-10  -0.106976E-05
    9411190528.537047962658   0.316400E-04  -0.394295E-11   0.303415E-05
    9421190528.537047964986   0.221477E-04   0.200784E-11   0.100123E-07
    9431190528.537047976628   0.338060E-06  -0.120003E-11   0.489623E-06
    9441190528.537062776042  -0.106252E-16   0.415747E-05  -0.704285E-05
    9451209315.454712820007  -0.564210E-10   0.140946E-12  -0.255388E-03
    9461209315.454712838866  -0.774407E-09  -0.264968E-12   0.291468E-03
    9471209315.454712851904   0.348801E-08  -0.307034E-12   0.323096E-03
    9481209315.454712874489  -0.775755E-07  -0.313638E-12   0.137915E-02
    9491209315.454712885199   0.101595E-05  -0.234848E-12   0.160924E-02
    9501209315.454712892650  -0.696891E-05  -0.151025E-12   0.200841E-02
    9511209315.454712900333   0.564525E-03  -0.263713E-13   0.266102E-02
    9521209315.454712901264   0.230451E-03   0.728198E-13  -0.383680E-02
    9531209315.454712905223  -0.268867E-03   0.190549E-13  -0.517122E-02
    9541209315.454712907085  -0.139287E-03  -0.146463E-13   0.357043E-03
    9551209315.454712916166   0.100149E-04  -0.265434E-14   0.618237E-02
    9561209938.553801130736   0.156714E-77  -0.181335E-01   0.377148E-01
    9571228264.214690656634   0.830148E-03   0.637832E-16  -0.216157E-05
    9581228264.214690656867  -0.324887E-08  -0.416274E-14   0.311242E-05
    9591228264.214690658264   0.448344E-08  -0.126638E-13  -0.467322E-05
    9601228264.214690658962   0.309689E-06   0.605560E-15  -0.510168E-05
    9611228264.214690659428  -0.245782E-06   0.262433E-15  -0.177681E-05
    9621228264.214690661989   0.205252E-02   0.365878E-15   0.436180E-05
    9631228264.214690662920   0.523400E-08  -0.662580E-15   0.893029E-06
    9641228264.214690667344   0.182374E-04   0.434221E-15   0.266420E-05
    9651228264.214690669673   0.347391E-04  -0.879327E-15  -0.461940E-05
    9661228264.214690671070  -0.976339E-07  -0.426509E-15  -0.109101E-06
    9671228264.214690673631   0.140201E-04  -0.243727E-15  -0.241628E-05
    9681228264.214690676890   0.269838E-04  -0.954388E-16  -0.537876E-06
    9691247427.642457075650  -0.963397E-03   0.605536E-16   0.128104E-02
    9701247427.642457081936  -0.121005E-06  -0.121009E-11   0.346441E-02
    9711247427.642457088223  -0.252996E-05   0.679921E-12   0.269405E-02
    9721247427.642457092414   0.861622E-04   0.620205E-13  -0.280068E-02
    9731247427.642457096605  -0.210877E-04   0.522695E-12  -0.179383E-02
    9741247427.642457100796   0.181632E-04   0.665993E-12   0.811450E-03
    9751247427.642457106384   0.119166E-04  -0.645230E-12  -0.129353E-03
    9761247427.642457114067  -0.145325E-04  -0.396444E-12  -0.860174E-04
    9771247427.642457119189  -0.113423E-04   0.325116E-12  -0.160278E-03
    9781247427.642457126640   0.292433E-05   0.326112E-12  -0.449232E-04
    9791247427.642457137816  -0.718865E-06   0.295842E-12   0.307034E-04
    9801247427.642457143636   0.155545E-06   0.488467E-12   0.207098E-04
    9811247427.642457153881  -0.465063E-06   0.552050E-14   0.595895E-04
    9821247427.642457163660   0.667757E-07   0.992344E-14   0.859611E-04
    9831247427.642457179492   0.430474E-08   0.197192E-14  -0.217764E-04
    9841266638.646549239522   0.386164-194  -0.557938E-03   0.119184E-02
    9851266638.981476274785   0.179759E-09  -0.141197E-14   0.372158E-07
    9861266638.981476278743   0.710120E-10  -0.172076E-14  -0.741557E-07
    9871266638.981476291316  -0.682108E-08  -0.373869E-13   0.693353E-07
    9881266638.981476292713  -0.648460E-04  -0.160584E-14  -0.290362E-06
    9891266638.981476296205   0.809929E-07   0.792675E-15   0.604408E-06
    9901266638.981476297369  -0.219904E-07   0.960775E-12  -0.777210E-06
    9911266638.981476297602  -0.134219E-07  -0.182052E-11  -0.126487E-05
    9921266638.981476299930  -0.259406E-05   0.243487E-13  -0.224784E-06
    9931266638.981476301095  -0.199679E-06   0.264070E-12   0.102018E-05
    9941266638.981476302492  -0.766545E-03   0.113894E-16  -0.956188E-06
    9951266638.981476304354   0.295347E-03   0.328016E-16   0.258153E-06
    9961266638.981476305053   0.236934E-04  -0.632268E-15  -0.163254E-05
    9971266638.981476307614  -0.215412E-04   0.278402E-15  -0.403131E-06
    9981266638.981476309942   0.482823E-04  -0.716809E-16  -0.169852E-05
    9991266638.981476311805   0.481967E-05   0.973149E-15   0.133478E-05
   10001266638.981476319954   0.466521E-23   0.182758E-13  -0.147149E-06
