 -0.99980086565895887     
 -0.99895092167403476     
 -0.99742241361329043     
 -0.99521604059890811     
 -0.99233326061616656     
 -0.98877602307152612     
 -0.98454674241341011     
 -0.97964829182104185     
 -0.97408400001022766     
 -0.96785764855797174     
 -0.96097346917158222     
 -0.95343614074227556     
 -0.94525078613147551     
 -0.93642296867167574     
 -0.92695868837577367     
 -0.91686437785362374     
 -0.90614689793673731     
 -0.89481353301315691     
 -0.88287198607516981     
 -0.87033037348294395     
 -0.85719721944748262     
 -0.84348145023654864     
 -0.82919238810743623     
 -0.81433974497067618     
 -0.79893361578895783     
 -0.78298447171573604     
 -0.76650315297817739     
 -0.74950086150927631     
 -0.73198915333414083     
 -0.71397993071562194     
 -0.69548543406462193     
 -0.67651823362057617     
 -0.65709122090776528     
 -0.63721759997325989     
 -0.61691087841245373     
 -0.59618485818828670     
 -0.57505362625039358     
 -0.55353154496055601     
 -0.53163324233096587     
 -0.50937360208193194     
 -0.48676775352579033     
 -0.46383106128389123     
 -0.44057911484365769     
 -0.41702771796279731     
 -0.39319287792789520     
 -0.36909079467465916     
 -0.34473784977724042     
 -0.32015059531408857     
 -0.29534574261792207     
 -0.27034015091746189     
 -0.24515081587863763     
 -0.21979485805306942     
 -0.19428951124165655     
 -0.16865211078120326     
 -0.14290008176203098     
 -0.11705092718458361     
 -9.11222160630845851E-002
 -6.51315714843219151E-002
 -3.90966586296826180E-002
 -1.30351727685790574E-002
  1.30351727685783288E-002
  3.90966586296822294E-002
  6.51315714843212074E-002
  9.11222160630849043E-002
  0.11705092718458433     
  0.14290008176203162     
  0.16865211078120390     
  0.19428951124165730     
  0.21979485805307086     
  0.24515081587863913     
  0.27034015091746227     
  0.29534574261792246     
  0.32015059531408857     
  0.34473784977724087     
  0.36909079467465966     
  0.39319287792789498     
  0.41702771796279803     
  0.44057911484365819     
  0.46383106128389218     
  0.48676775352579066     
  0.50937360208193250     
  0.53163324233096554     
  0.55353154496055623     
  0.57505362625039369     
  0.59618485818828615     
  0.61691087841245362     
  0.63721759997325977     
  0.65709122090776484     
  0.67651823362057550     
  0.69548543406462204     
  0.71397993071562127     
  0.73198915333414094     
  0.74950086150927553     
  0.76650315297817639     
  0.78298447171573482     
  0.79893361578895650     
  0.81433974497067474     
  0.82919238810743512     
  0.84348145023654775     
  0.85719721944748184     
  0.87033037348294306     
  0.88287198607516915     
  0.89481353301315636     
  0.90614689793673620     
  0.91686437785362285     
  0.92695868837577300     
  0.93642296867167463     
  0.94525078613147451     
  0.95343614074227478     
  0.96097346917158155     
  0.96785764855797174     
  0.97408400001022677     
  0.97964829182104163     
  0.98454674241340912     
  0.98877602307152523     
  0.99233326061616600     
  0.99521604059890711     
  0.99742241361328976     
  0.99895092167403376     
  0.99980086565895820     
