   1.2128761426394890     
   1.3147998845822553     
   1.4062337812367436     
   1.4928203417424211     
   1.5766302689610288     
   1.6587320096833826     
   1.7397799802350253     
   1.8202148649466290     
   1.9003498617004453     
   1.9804146019408817     
   2.0605805468265430     
   2.1409771259903185     
   2.2217026722149598     
   2.3028321089158865     
   2.3844224412831352     
   2.4665166887410228     
   2.5491466928822488     
   2.6323351202348086     
   2.7160969023153552     
   2.8004402965811823     
   2.8853677041436470     
   2.9708763411261581     
   3.0569588293144561     
   3.1436037474142444     
   3.2307961659085231     
   3.3185181752804889     
   3.4067494083602163     
   3.4954675519566822     
   3.5846488400183696     
   3.6742685196683569     
   3.7643012819993471     
   3.8547216509834255     
   3.9455043258259859     
   4.0366244742347126     
   4.1280579761316210     
   4.2197816191401545     
   4.3117732486334441     
   4.4040118761977434     
   4.4964777510547167     
   4.5891523993358696     
   4.6820186361681078     
   4.7750605553735648     
   4.8682635012712883     
   4.9616140266491078     
   5.0550998404982659     
   5.1487097486084306     
   5.2424335896350414     
   5.3362621687933203     
   5.4301871909168717     
   5.5242011942490548     
   5.6182974860153321     
   5.7124700805531736     
   5.8067136405497290     
   5.9010234217517370     
   5.9953952213621484     
   6.0898253302150662     
   6.1843104887191478     
   6.2788478464640587     
   6.3734349252757978     
   6.4680695853416719     
   6.5627499937113516     
   6.6574745937921502     
   6.7522420728094232     
   6.8470513199246463     
   6.9419013555061575     
   7.0367911728158310     
   7.1317192848708890     
   7.2266820597347907     
   7.3216650380538102     
   7.4165527210860978     
