   1.2128761426394705     
   1.3147998845822406     
   1.4062337812367403     
   1.4928203417424160     
   1.5766302689610161     
   1.6587320096833960     
   1.7397799802350282     
   1.8202148649466334     
   1.9003498617004466     
   1.9804146019408781     
   2.0605805468265523     
   2.1409771259903225     
   2.2217026722149575     
   2.3028321089158825     
   2.3844224412831343     
   2.4665166887410219     
   2.5491466928822502     
   2.6323351202348109     
   2.7160969023153583     
   2.8004402965811828     
   2.8853677041436505     
   2.9708763411261616     
   3.0569588293144609     
   3.1436037474142462     
   3.2307961659085276     
   3.3185181752804906     
   3.4067494083602186     
   3.4954675519566818     
   3.5846488400183687     
   3.6742685196683551     
   3.7643012819993467     
   3.8547216509834223     
   3.9455043258259872     
   4.0366244742347126     
   4.1280579761316210     
   4.2197816191401554     
   4.3117732486334441     
   4.4040118761977460     
   4.4964777510547185     
   4.5891523993358705     
   4.6820186361681104     
   4.7750605553735692     
   4.8682635012712892     
   4.9616140266491069     
   5.0550998404982614     
   5.1487097486084323     
   5.2424335896350422     
   5.3362621687933203     
   5.4301871909168700     
   5.5242011942490565     
   5.6182974860153347     
   5.7124700805531727     
   5.8067136405497193     
   5.9010234217517281     
   5.9953952213621342     
   6.0898253302150565     
   6.1843104887191522     
   6.2788478464640516     
   6.3734349252757889     
   6.4680695853416719     
   6.5627499937113454     
   6.6574745937921449     
   6.7522420728094223     
   6.8470513199246446     
   6.9419013555061531     
   7.0367911728158230     
   7.1317192848708881     
   7.2266820597347872     
   7.3216650380538182     
   7.4165527210860986     
