  6.21083550019195367E-004
  6.60869794614699253E-004
  1.22475723557566177E-003
  7.14148651916296940E-004
  5.42742459910226034E-004
  1.09697541355547874E-003
 -1.15709374531545593E-003
 -2.12601099229385365E-003
 -1.23618491288671997E-003
 -9.38966039302485916E-004
 -1.87987045069543243E-003
  1.97152927749210229E-003
  3.60195786810883550E-003
  2.09050793995668510E-003
  1.58730666225115444E-003
  2.79290608041285514E-003
 -2.91271442997967757E-003
 -5.29215135603111880E-003
 -3.06591577323828308E-003
 -2.32710302115440902E-003
 -4.21159151188379207E-003
  4.36699902655360989E-003
  7.88936810245804976E-003
  4.56204734985378620E-003
  3.46143814360763474E-003
  6.09519099539963111E-003
 -6.28070286925275223E-003
 -1.12766191042714091E-002
 -6.50751642356702919E-003
 -4.93559526063416191E-003
 -8.50658344188697652E-003
  8.70879906784855634E-003
  1.55358350238237290E-002
  8.94651597098239729E-003
  6.78263754489654824E-003
  1.14831330662813081E-002
 -1.16708659822586519E-002
 -2.06698681220598979E-002
 -1.18747459709644156E-002
 -8.99842785273370464E-003
 -1.48072568288965620E-002
  1.49254600338744048E-002
  2.62169336908131476E-002
  1.50206545506945729E-002
  1.13762691838271302E-002
  1.81636912750279267E-002
 -1.81370394217501008E-002
 -3.15588484365923044E-002
 -1.80249130326603502E-002
 -1.36432629025847758E-002
 -2.18484051236216698E-002
  2.15878280904717341E-002
  3.71666412494848775E-002
  2.11531568052505115E-002
  1.59999843335103357E-002
  2.57123091583181911E-002
 -2.51110161084809186E-002
 -4.27233391142572416E-002
 -2.42198567916179566E-002
 -1.83053615137498543E-002
 -3.00588281497334991E-002
  2.89843557122125908E-002
  4.86746804846159078E-002
  2.74732791606266992E-002
  2.07464043881410674E-002
  3.48477040432828705E-002
 -3.31366672174649435E-002
 -5.48521932387475153E-002
 -3.08098905255357047E-002
 -2.32437087270182599E-002
 -3.99587071175936254E-002
  3.74231412432337943E-002
  6.09729512802591606E-002
  3.40636729924342976E-002
  2.56710162202366601E-002
  4.52937671164054534E-002
 -4.17152895984162150E-002
 -6.67766483543005412E-002
 -3.70809093678070092E-002
 -2.79113062239988337E-002
 -5.06176460069291748E-002
  4.57909986046777309E-002
  7.19127039952315306E-002
  3.96696192760576383E-002
  2.98205522933250311E-002
  5.75007112832780845E-002
 -5.10389678106302827E-002
 -7.85237987104183827E-002
 -4.30063615081350478E-002
 -3.22824710984714880E-002
 -6.46656361348577485E-002
  5.62686408807785213E-002
  8.47024117795655562E-002
  4.60341686918230783E-002
  3.45019195931786787E-002
  7.23709063340931547E-002
 -6.17001995480415885E-002
 -9.07942691749369230E-002
 -4.89463938921467986E-002
 -3.66247529398477240E-002
 -8.03906934271786250E-002
  6.71031953778312568E-002
  9.64207653048228946E-002
  5.15340583508637831E-002
  3.84939855616585475E-002
  8.82277850091735399E-002
 -7.20357470511605591E-002
 -0.10092892733594777     
 -5.34477695294532096E-002
 -3.98487100603261910E-002
 -9.74592276070954944E-002
  7.77459078047705449E-002
  0.10603215780563155     
  5.55914388314880242E-002
  4.13624789088424608E-002
  0.10778922073370559     
 -8.38677943090049283E-002
 -0.11105971287315242     
 -5.75840530880051271E-002
 -4.27475239643851854E-002
 -0.11748653515187887     
  8.90745631426721196E-002
  0.11433125830035760     
  5.85749378159721029E-002
  4.33757311515564833E-002
  0.12916876597255264     
 -9.53031895491974756E-002
 -0.11830199339639283     
 -5.98209815425094354E-002
 -4.41779242194032945E-002
 -0.13943096026657958     
  9.99234482119089329E-002
  0.11957692648938931     
  5.95856973464305856E-002
  4.38689281263986847E-002
  0.14693566368551556     
 -0.10208807339130135     
 -0.11736951924425952     
 -5.75299819145746946E-002
 -4.22075940477832853E-002
 -0.15257193087417834     
  0.10250901118006603     
  0.11268849955618367     
  5.41926860520555373E-002
  3.95964466460075465E-002
  0.15970697653821789     
 -0.10338109595865293     
 -0.10789367577564730     
 -5.07029883990709751E-002
 -3.68598582947279388E-002
 -0.16500899335771402     
  0.10241275742482495     
  0.10045778095300693     
  4.58517447571182984E-002
  3.31156747523641826E-002
  0.16927672663701579     
 -0.10029870530747381     
 -9.14344603526584532E-002
 -4.02111218282918195E-002
 -2.87925064327768446E-002
 -0.17404813341466160     
  9.80083692635206755E-002
  8.18573878166013041E-002
  3.42773768104201043E-002
  2.42530214754256221E-002
  0.17855584343802552     
 -9.50123852981846068E-002
 -7.12049642758502965E-002
 -2.78194992595785437E-002
 -1.93318235866006584E-002
 -0.18194474912428554     
  9.09271862973474593E-002
  5.93778155225120202E-002
  2.08579831104908561E-002
  1.40546642541717268E-002
  0.18622657438626172     
 -8.67504188028823398E-002
 -4.70939120444816631E-002
 -1.36733277838479213E-002
 -8.61675608126787063E-003
 -0.18827839499511190     
  8.10411357808783900E-002
  3.36807175754375507E-002
  6.11861326002589249E-003
  2.93799185135953283E-003
  0.19082211399715288     
 -7.52381139735312648E-002
 -2.02538176414643334E-002
  1.35744222906645389E-003
  2.66737029067372344E-003
 -0.19188744514131961     
  6.84030176099136161E-002
  6.35206545672561095E-003
 -8.86505744929257274E-003
 -8.26267111058809518E-003
  0.19128637435394591     
 -6.05952379504337627E-002
  7.70562350402597806E-003
  1.62069598491209506E-002
  1.36973440347683863E-002
 -0.18984842454520939     
  5.19375622554362412E-002
 -2.21171437191758323E-002
 -2.35224094591648392E-002
 -1.90792977471910263E-002
  0.18380969799966931     
 -4.16186856150695464E-002
  3.59549067786263526E-002
  3.00744403383898344E-002
  2.38277946582683836E-002
 -0.17586708987877767     
  3.09552281412168000E-002
 -4.85233675589261185E-002
 -3.56870186332139752E-002
 -2.78393564799006045E-002
  0.17056482730857364     
 -2.07838491553707996E-002
  6.10177727062032466E-002
  4.12601094847124053E-002
  3.18185934991574298E-002
 -0.16580685846681584     
  1.04406540028869361E-002
 -7.32615568898071778E-002
 -4.65557753307790159E-002
 -3.55691716970264193E-002
  0.16147249515571188     
  5.49111739873990492E-005
  8.50919215963280989E-002
  5.14791240395761282E-002
  3.90198687528931845E-002
 -0.15736325455196792     
 -1.05387319506439533E-002
 -9.61246781887761942E-002
 -5.58349589596899634E-002
 -4.20277748755758587E-002
  0.15392372364075890     
  2.09790375316916723E-002
  0.10651164001122607     
  5.97272565999921734E-002
  4.46736830366654819E-002
 -0.15191791813367184     
 -3.15011081902168560E-002
 -0.11676485090638651     
 -6.34437223268916606E-002
 -4.71733483770039458E-002
  0.14853713347473710     
  4.15984739877927473E-002
  0.12475715459907288     
  6.58191116001400345E-002
  4.86595261972029361E-002
 -0.14529822569062617     
 -5.14458527458261997E-002
 -0.13148973456764601     
 -6.74302647522075083E-002
 -4.95663548715906191E-002
  0.13989451065699224     
  6.00879456618062524E-002
  0.13475313058547672     
  6.71787107073929107E-002
  4.90921507375186167E-002
 -0.13407611046092083     
 -6.81573230222047716E-002
 -0.13616896174595466     
 -6.59094201740782759E-002
 -4.78605910712413055E-002
  0.12830465175101397     
  7.59283474073478432E-002
  0.13625113473110642     
  6.38797312375695148E-002
  4.60604776305034505E-002
 -0.12192771531884769     
 -8.32744572946756689E-002
 -0.13443280096318916     
 -6.07870323366480891E-002
 -4.34682822800349158E-002
  0.11530231244951970     
  9.00620566085573865E-002
  0.13093246565442590     
  5.68178075614368394E-002
  4.02327674998042700E-002
 -0.10823412505218744     
 -9.59533564035721515E-002
 -0.12551682372805473     
 -5.19343044278499019E-002
 -3.63388367876457674E-002
  0.10121183151050615     
  0.10111749434478290     
  0.11879040374886653     
  4.64791921262092469E-002
  3.20434616073989320E-002
 -9.52145269522504806E-002
 -0.10662929695222580     
 -0.11202964457585828     
 -4.09692795239728277E-002
 -2.77066607595834354E-002
  9.03613863788970822E-002
  0.11307877213147037     
  0.10545063065682808     
  3.54026165680673341E-002
  2.33114472009339699E-002
 -8.56979519554383201E-002
 -0.11980923196502537     
 -9.78835041305092385E-002
 -2.92612154593547349E-002
 -1.84905249235927868E-002
  8.04922166966889063E-002
  0.12516564526485205     
  8.86064524723867014E-002
  2.25410125962634197E-002
  1.32936292282215089E-002
 -7.58975903316905787E-002
 -0.13064949017936467     
 -7.90669036177441970E-002
 -1.57565689463426278E-002
 -8.06620409614193339E-003
  7.21821286718317412E-002
  0.13695168384835466     
  6.95656110454432319E-002
  8.94113228790231925E-003
  2.81622772446778755E-003
 -6.82118000766276100E-002
 -0.14192601082047687     
 -5.91006683207321512E-002
 -2.02371918360177419E-003
  2.44602488734118641E-003
  6.47953217931428876E-002
  0.14709099111454710     
  4.85824144633520139E-002
 -4.80445452977004261E-003
 -7.61893592456696061E-003
 -6.18478036018728153E-002
 -0.15238215194767440     
 -3.79917491431588303E-002
  1.15267960283655345E-002
  1.26865244191921491E-002
  5.94992302358201414E-002
  0.15831227167195694     
  2.73803449438129141E-002
 -1.82075692055302385E-002
 -1.77078314754687098E-002
 -5.74962999894444785E-002
 -0.16443006504068641     
 -1.65367416474727566E-002
  2.48441768765474205E-002
  2.26650419946206882E-002
  5.56797195721340510E-002
  0.17050880809229696     
  5.26596927046106382E-003
 -3.14619165093254355E-002
 -2.75653066712640872E-002
 -5.26263578485141881E-002
 -0.17174130339118882     
  6.06659318947994335E-003
  3.69051783465510486E-002
  3.14362482990441228E-002
  5.01166770651787705E-002
  0.17352297635880520     
 -1.70810644878840179E-002
 -4.20700128098069545E-002
 -3.50803104246539751E-002
 -4.77344393608290715E-002
 -0.17491779414357964     
  2.80843707335793925E-002
  4.68970859590356129E-002
  3.84237677016717599E-002
  4.53248746205528186E-002
  0.17550247125426344     
 -3.90858474546812718E-002
 -5.12853110141257423E-002
 -4.13784910254598598E-002
 -4.22822150219341053E-002
 -0.17260117583816906     
  4.90299704838445191E-002
  5.42608356750358609E-002
  4.31830048574216585E-002
  3.94534163581366712E-002
  0.16929658866701414     
 -5.82004021031086866E-002
 -5.65900001581245635E-002
 -4.44800442517951714E-002
 -3.68037176368858701E-002
 -0.16557282726908465     
  6.65630542210977477E-002
  5.82794918019206298E-002
  4.52794352112438694E-002
  3.47505030719576224E-002
  0.16365200427936946     
 -7.52770157562715203E-002
 -6.02058135515589690E-002
 -4.62506606606144857E-002
 -3.31965046742849698E-002
 -0.16358858716816127     
  8.49270183623806046E-002
  6.25283610670250983E-002
  4.74856984874973964E-002
  3.13672284868227805E-002
  0.16165590468122648     
 -9.36634311671504516E-002
 -6.38065332245743855E-002
 -4.78822812276815460E-002
 -2.94136780053023371E-002
 -0.15822507434532329     
  0.10109481622744458     
  6.40402352133567915E-002
  4.74733349556331480E-002
  2.72127702150323850E-002
  0.15230163672627609     
 -0.10598980237418437     
 -6.27443667754595119E-002
 -4.59389310158913669E-002
 -2.50334286425207310E-002
 -0.14522487383411803     
  0.10884529646729792     
  6.04743043399851299E-002
  4.37234891980790505E-002
  2.33662252874847175E-002
  0.14005942205158844     
 -0.11207955015384326     
 -5.85874835421732951E-002
 -4.18115549468494885E-002
 -2.21735891483325551E-002
 -0.13719709877976860     
  0.11683288942087303     
  5.73067059094609782E-002
  4.03040861925975311E-002
  2.06041558413288042E-002
  0.13144822733281192     
 -0.11876064229466450     
 -5.44511892914691445E-002
 -3.76601431506911888E-002
 -1.91988204890787689E-002
 -0.12616872701773915     
  0.12067080656592366     
  5.14250910872421155E-002
  3.48729683743038976E-002
  1.75395198090906763E-002
  0.11866415139994214     
 -0.12001303885185820     
 -4.71269442071903036E-002
 -3.11941375866553738E-002
 -1.59680336747694759E-002
 -0.11110821233533485     
  0.11863248905634752     
  4.25100661954134623E-002
  2.73030280139079061E-002
  1.44217985283079005E-002
  0.10321021758875887     
 -0.11640420502287166     
 -3.74447151306470868E-002
 -2.30983426645035399E-002
 -1.29459767557726819E-002
 -9.52847765908558658E-002
  0.11356753737495759     
  3.21112443825782023E-002
  1.87182089904667504E-002
  1.15962091601816177E-002
  8.78037153428061629E-002
 -0.11071656097001874     
 -2.66939406379830546E-002
 -1.42757403778444574E-002
 -1.03831828528642492E-002
 -8.09041961255273084E-002
  0.10805053220133803     
  2.12614042607848011E-002
  9.81549398793913307E-003
  9.36573398858452782E-003
  7.51592110099884442E-002
 -0.10653104475365383     
 -1.58866019134174460E-002
 -5.32634447026046447E-003
 -8.42206951576773312E-003
 -6.96583490825622986E-002
  0.10497140839157793     
  1.03278326042393932E-002
  6.95421332165287458E-004
  7.58340134496679995E-003
  6.46837810238275190E-002
 -0.10378122030411684     
 -4.65778859255947062E-003
  4.04479140395156127E-003
 -6.76048561642038272E-003
 -5.94654020781063830E-002
  0.10158987424572143     
 -1.03627879480402215E-003
 -8.71233533254127911E-003
  6.08576200965697377E-003
  5.51670974469807562E-002
 -0.10023875361469509     
  6.58013929981475423E-003
  1.33004021245035735E-002
 -5.50270700011109854E-003
 -5.13936956663743477E-002
  9.92945737245400362E-002
 -1.21324737007145449E-002
 -1.79089883871895693E-002
  4.92336739331122701E-003
  4.73504808064289101E-002
 -9.72055269256226068E-002
  1.74367006408774582E-002
  2.22006165521106379E-002
 -4.37950519303648145E-003
 -4.33192278222871360E-002
  9.43019032927956691E-002
 -2.22431023337447444E-002
 -2.59915816985294770E-002
  3.93547874327511600E-003
  4.00204497754890962E-002
 -9.23614796977812041E-002
  2.70785779501647658E-002
  2.98627586186511682E-002
 -3.51403004384907283E-003
 -3.67408071298420888E-002
  8.99569084609740527E-002
 -3.16729672598453776E-002
 -3.34760010910503253E-002
  3.15016407104562642E-003
  3.38800568423635595E-002
 -8.81310180901979934E-002
  3.64050670520314132E-002
  3.72285269971429703E-002
 -2.84508072094882217E-003
 -3.15220347905031742E-002
  8.74040831449585665E-002
 -4.17562121448271789E-002
 -4.15580391222577505E-002
  2.53311841249751271E-003
  2.89491725640120094E-002
 -8.57831984640812367E-002
  4.67553604730425315E-002
  4.54985972967110047E-002
 -2.27341220085949727E-003
 -2.68235811750479440E-002
  8.50581683313123837E-002
 -5.21732420500270189E-002
 -4.98306725212344023E-002
  2.06402164155692659E-003
  2.51863867262179970E-002
 -8.56918203368381010E-002
  5.85904493705360907E-002
  5.50635692756912057E-002
 -1.85075090355788993E-003
 -2.33932234556086562E-002
  8.55501467484948153E-002
 -6.45927526061722546E-002
 -5.98578911383037815E-002
  1.65086714119871817E-003
  2.16295869350248415E-002
 -8.49869987413526679E-002
  7.01033342199495479E-002
  6.41831796938899385E-002
 -1.49318437823368487E-003
 -2.02801157655538369E-002
  8.54448260999764037E-002
 -7.61911002553496003E-002
 -6.90324865618185401E-002
  1.36719750219436152E-003
  1.92582067556742245E-002
 -8.68928822703232268E-002
  8.30942272185019176E-002
  7.45891824290619010E-002
 -1.25041870974838690E-003
 -1.82679378909554532E-002
  8.80874139539302992E-002
 -8.96791448836991578E-002
 -7.98260546254788289E-002
  1.13132886740077644E-003
  1.71226584799024258E-002
 -8.78834538482768518E-002
  9.45202438395896100E-002
  8.35031591605684964E-002
 -1.03369824482996879E-003
 -1.61750290065870161E-002
  8.79125427937677978E-002
 -9.91524475104752917E-002
 -8.70057124378360719E-002
  9.57549739927170780E-004
  1.54788844226752612E-002
 -8.88499918972270181E-002
  0.10462931287839322     
  9.12245851425918519E-002
 -8.76312929676544374E-004
 -1.46167492373934556E-002
  8.83434658597988670E-002
 -0.10818977080139087     
 -9.37505273585202831E-002
  8.09488825116750667E-004
  1.39145580440032026E-002
 -8.82984970741406971E-002
  0.11207547456267603     
  9.65391384590309487E-002
 -7.51331660502972893E-004
 -1.33075070142800282E-002
  8.85882171843006966E-002
 -0.11635837793530163     
 -9.96173503655754244E-002
  6.87922964333085706E-004
  1.25502292637309359E-002
 -8.75551680029393181E-002
  0.11883001602614512     
  0.10109401389247390     
 -6.28512602048084579E-004
 -1.18130134168205093E-002
  8.63636849978849375E-002
 -0.12103593932752596     
 -0.10228489975909175     
  5.63082776865283488E-004
  1.09048423322720325E-002
 -8.35435964955871246E-002
  0.12083173357425299     
  0.10138809687571991     
 -4.98444174179644138E-004
 -9.94493777384348847E-003
  7.97977363342429330E-002
 -0.11900279256276411     
 -9.91073007752320684E-002
  4.48768910170821303E-004
  9.23036367143580117E-003
 -7.76117604727994959E-002
  0.11931326019107028     
  9.85696302293815191E-002
 -4.00515867957292840E-004
 -8.50286520571443515E-003
  7.50169217398112265E-002
 -0.11890766834640547     
 -9.73772249394857375E-002
  3.58697417988737641E-004
  7.86291196640610292E-003
 -7.27708922379244616E-002
  0.11883555201609737     
  9.64239742075962136E-002
 -3.23323060093903792E-004
 -7.31967009189402312E-003
  7.10204769622595072E-002
 -0.11936521807806973     
 -9.59223160577885731E-002
  2.90843037415249223E-004
  6.79739122178175600E-003
 -6.90392118142068023E-002
  0.11925244681218980     
  9.48810055515692252E-002
 -2.65155354116213666E-004
 -6.39268556726514323E-003
  6.78316470310960096E-002
 -0.12022215478835363     
 -9.46798327704828635E-002
  2.41706968184018966E-004
  6.00723058138970777E-003
 -6.64742962435798251E-002
  0.12073153669845438     
  9.40764908642544584E-002
 -2.20939529879644577E-004
 -5.65630650870123895E-003
  6.51612865269382974E-002
 -0.12113683654991036     
 -9.33470931775578772E-002
  1.98492323684265083E-004
  5.22862274453126871E-003
 -6.25778953068856780E-002
  0.11893624590361172     
  9.05864908831974375E-002
 -1.79364718660924227E-004
 -4.85519517832173116E-003
  6.02396391657745028E-002
 -0.11692187284769447     
 -8.79653475857902628E-002
  1.61964448809851272E-004
  4.50135071234277883E-003
 -5.78135140059964775E-002
  0.11452507810450507     
  8.50299216627649485E-002
 -1.46213024297086713E-004
 -4.17034025047833753E-003
  5.54007580891127255E-002
 -0.11199253141722450     
 -8.19445231737527258E-002
  1.31169974251764513E-004
  3.83807305587780456E-003
 -5.27019402316581745E-002
  0.10872560084584168     
  7.82682841569618815E-002
 -1.16558539941268621E-004
 -3.49699476704228712E-003
  4.95970276230516677E-002
 -0.10443569757922093     
 -7.38204664712723280E-002
  1.02072288319865169E-004
  3.13746869474037463E-003
 -4.59124412328157511E-002
  9.86784561364097285E-002
  6.83488601617986552E-002
 -9.05243276709427500E-005
 -2.84852431006399559E-003
  4.29673717150870146E-002
 -9.42714306834368521E-002
 -6.38377630331174589E-002
  8.02448975160151344E-005
  2.58454361872434207E-003
 -4.01810047801278783E-002
  9.00651357573408196E-002
  5.94297640721932405E-002
 -7.00385542459858537E-005
 -2.30931860206967567E-003
  3.70160821554127162E-002
 -8.48715604685614938E-002
 -5.43356428174396611E-002
  6.05308857830136812E-005
  2.04134861675918161E-003
 -3.37021572463105032E-002
  7.90664353574073581E-002
  4.89455280722380787E-002
 -5.33744735541286574E-005
 -1.84064854486770029E-003
  3.12955621705031314E-002
 -7.51943138064794792E-002
 -4.48021517121374030E-002
  4.74617566224306076E-005
  1.67442591702770985E-003
 -2.93401432365896220E-002
  7.23224212337424815E-002
  4.12055673902485195E-002
 -4.23001219414680297E-005
 -1.52797432059520368E-003
  2.76279265280053379E-002
 -7.00275912748121038E-002
 -3.78243333608089538E-002
  3.72993529886325083E-005
  1.38076004409862837E-003
 -2.57969427549610414E-002
  6.74066826411799103E-002
  3.41508325921232592E-002
 -3.26482857405473764E-005
 -1.23891242344443685E-003
  2.39287561694613120E-002
 -6.45765579077683810E-002
 -3.03516451176064732E-002
  2.86229723757788896E-005
  1.11331412959593578E-003
 -2.22284855886431924E-002
  6.20413186974038341E-002
  2.67325819594460071E-002
 -2.51131806290740640E-005
 -1.00083622853963661E-003
  2.06481271183148948E-002
 -5.96616213063471887E-002
 -2.32579022325418647E-002
  2.20909620565765748E-005
  9.01404759976078451E-004
 -1.91989390971765671E-002
  5.74570579730328337E-002
  1.99712510683332928E-002
 -1.94960176838528742E-005
 -8.13752134766150548E-004
  1.78729471464656106E-002
 -5.54101687226271136E-002
 -1.68813257380598034E-002
  1.76920191879960739E-005
  7.55031241093387850E-004
 -1.70926423170450412E-002
  5.49437828327732913E-002
  1.43033017387042081E-002
 -1.60998832480048755E-005
 -7.03184895209199448E-004
  1.64333330711826306E-002
 -5.49642099010491034E-002
 -1.16233243381675400E-002
  1.44747357321119940E-005
  6.47501660309778948E-004
 -1.56420889847007395E-002
  5.46327843013322059E-002
  8.64150379449671671E-003
 -1.27184034456383483E-005
 -5.82772498811750866E-004
  1.45617325510080196E-002
 -5.32630195078811486E-002
 -5.40877651543452548E-003
  1.11772152461691448E-005
  5.24522755886958634E-004
 -1.35598540472428968E-002
  5.20684745929011136E-002
  2.21222055735337177E-003
 -9.77920778605321101E-006
 -4.69961793949775900E-004
  1.25757557224482029E-002
 -5.08305026583229166E-002
  9.63709260202937740E-004
  8.58944218075871408E-006
  4.22747467185521724E-004
 -1.17181644608098118E-002
  5.00036463678563345E-002
 -4.13466567047746005E-003
 -7.55832655782144387E-006
 -3.81120999836743655E-004
  1.09574433552167786E-002
 -4.95414091107542545E-002
  7.38079383935354421E-003
  6.66507176210250855E-006
  3.44413822105094026E-004
 -1.02831661732064143E-002
  4.94223256389830293E-002
 -1.07223347165615254E-002
 -5.84971005198701299E-006
 -3.09832167488402065E-004
  9.61833793553614445E-003
 -4.92872135696545699E-002
  1.40878268664750960E-002
  5.16192176214409262E-006
  2.80174581661911566E-004
 -9.04984047368884333E-003
  4.95344835098749658E-002
 -1.75350683365897778E-002
 -4.55801159726650945E-006
 -2.53642316412581136E-004
  8.54162254398890819E-003
 -5.01178748217645451E-002
  2.11937659941650244E-002
  3.97218798514320595E-006
  2.26775078461652373E-004
 -7.98227030163941101E-003
  5.04040653750161549E-002
 -2.48137622867045521E-002
 -3.41653207058518658E-006
 -2.00205559830572862E-004
  7.38292551437181362E-003
 -5.03055712364552307E-002
  2.82022162648408528E-002
  2.93162616595654580E-006
  1.76492259765546682E-004
 -6.83948606279894712E-003
  5.04215466814060750E-002
 -3.16380666068240696E-002
 -2.51432275038933017E-006
 -1.55699295580185437E-004
  6.36161283644132852E-003
 -5.08280866367034206E-002
  3.51627254041879111E-002
  2.18685304486383522E-006
  1.39481807892064040E-004
 -6.02754048300230792E-003
  5.21997123392098292E-002
 -3.92712487965355614E-002
 -1.90388872423148507E-006
 -1.25306168967268639E-004
  5.74756748675916453E-003
 -5.39339150754695393E-002
  4.36294694729460961E-002
  1.63747048350409765E-006
  1.11224550767557285E-004
 -5.41401273926005438E-003
  5.47367665190405875E-002
 -4.69898528945181942E-002
 -1.44615221814893541E-006
 -1.01291245967622751E-004
  5.21941985709101306E-003
 -5.64063490338274354E-002
  5.07877035431723023E-002
  1.36090365569139084E-006
  9.84433041767867240E-005
 -5.37845322535653470E-003
  6.19658119634997478E-002
 -5.81665311358680881E-002
 -1.25628315644186028E-006
 -9.41401644926624008E-005
  5.47530783530450395E-003
 -6.72480452868426670E-002
  6.55824382753402851E-002
  1.12577681716923036E-006
  8.73873287640964134E-005
 -5.40109238285972713E-003
  7.03218309759038179E-002
 -7.08278285874257424E-002
 -1.02696538258881100E-006
 -8.24584443099310124E-005
  5.39376055630270967E-003
 -7.39341217288825292E-002
  7.64777917102793664E-002
  9.57074711601168475E-007
  7.95024112926844115E-005
 -5.49703232686396624E-003
  7.90528088629579018E-002
 -8.37205000586971337E-002
 -8.78560284980432879E-007
 -7.54840309169957813E-005
  5.50738010662545074E-003
 -8.28182358450335193E-002
  8.95626161587594616E-002
  7.94681871402791672E-007
  7.05027745282656306E-005
 -5.40781858336979084E-003
  8.46612939189747005E-002
 -9.32329295231397182E-002
 -7.28025131453749046E-007
 -6.65348755828085923E-005
  5.34101167963225380E-003
 -8.66596135341919371E-002
  9.69377353591629048E-002
  6.80026381900636193E-007
  6.39686580417761204E-005
 -5.36435955099444015E-003
  9.00321366320164657E-002
 -0.10217365161944698     
 -6.30158461978995706E-007
 -6.09750511776137671E-005
  5.33488492754909810E-003
 -9.25024233373577393E-002
  0.10641640371684791     
  5.75516025946488209E-007
  5.72376719653860453E-005
 -5.21843392721284619E-003
  9.33889866202851221E-002
 -0.10884108580498066     
 -5.17632487674116391E-007
 -5.28625141246617580E-005
  5.01565972465125524E-003
 -9.25646870827580431E-002
  0.10923307665674611     
  4.63666003468100399E-007
  4.85895389650807953E-005
 -4.79450609117273215E-003
  9.12215199932429749E-002
 -0.10896657017664792     
 -4.14223047728149121E-007
 -4.45337451833174657E-005
  4.57046696304622829E-003
 -8.96835531947498266E-002
  0.10843900688089758     
  3.69365761667293992E-007
  4.07465343562979311E-005
 -4.35274263815864457E-003
  8.81647033835215310E-002
 -0.10792214300115639     
 -3.26041766827689336E-007
 -3.69148536775523332E-005
  4.10892837650688857E-003
 -8.60007603688239808E-002
  0.10659704677072622     
  2.83264420574748703E-007
  3.28997168193621663E-005
 -3.81522362856047967E-003
  8.25200660166465344E-002
 -0.10354642363176036     
 -2.48443093789249752E-007
 -2.95828004285276873E-005
  3.57296940931760201E-003
 -7.98420811427311278E-002
  0.10138919070205282     
  2.21644949640968040E-007
  2.70662887579567933E-005
 -3.40868985097877997E-003
  7.87596296281953406E-002
 -0.10121766484777794     
 -1.97942128385095351E-007
 -2.48223657144237143E-005
  3.26876744330449913E-003
 -7.82435690913824700E-002
  0.10180189276966517     
  1.73404277593453816E-007
  2.23464919063889901E-005
 -3.08236878757964716E-003
  7.65023466790709511E-002
 -0.10076714215864155     
 -1.53639135960356033E-007
 -2.03596024476663819E-005
  2.94566575339328795E-003
 -7.58312262923291486E-002
  0.10109351655191949     
  1.36119942502940111E-007
  1.85636483300513965E-005
 -2.82157007558473836E-003
  7.53604481147217981E-002
 -0.10165504972096304     
 -1.20001109607130706E-007
 -1.68516757922358159E-005
  2.69322822308761065E-003
 -7.45997805666462760E-002
  0.10177072561114707     
  1.06475199179593722E-007
  1.53929752618777741E-005
 -2.58504084227734101E-003
  7.41384731034955974E-002
 -0.10220491254453823     
 -9.71403957199358108E-008
 -1.44720232483036081E-005
  2.55694995717010943E-003
 -7.59030080992574990E-002
  0.10569463158904148     
  8.79574288033945134E-008
  1.35263946705476866E-005
 -2.51969933001428654E-003
  7.74308507131066942E-002
 -0.10888476826905079     
 -7.91670700515459113E-008
 -1.25713426327762488E-005
  2.46826123151993454E-003
 -7.84048721700962015E-002
  0.11126525089988856     
  7.23071541748272460E-008
  1.18607834561017466E-005
 -2.45361245926853594E-003
  8.04476860327805465E-002
 -0.11513844059365222     
 -6.59653072210093692E-008
 -1.11780797757018665E-005
  2.43414434312394339E-003
 -8.22417122415458751E-002
  0.11863500107228361     
  6.05545864294941793E-008
  1.05984235971457235E-005
 -2.42642242891165849E-003
  8.43365165988871762E-002
 -0.12254285891718367     
 -5.53462248558070075E-008
 -1.00004192412275213E-005
  2.40328542774044095E-003
 -8.57867765340164373E-002
  0.12548695307488514     
  5.02343804241008407E-008
  9.36284405621921308E-006
 -2.35729401056009513E-003
  8.62671957794549638E-002
 -0.12696852410387960     
 -4.56818057342548968E-008
 -8.77482713073591682E-006
  2.31018842565833315E-003
 -8.65420391315772641E-002
  0.12809954809728066     
  4.10112740905252405E-008
  8.11630174306046776E-006
 -2.23253792028751735E-003
  8.55336412059145151E-002
 -0.12729220050699802     
 -3.65001557675335011E-008
 -7.43483590886268249E-006
  2.13280510737441729E-003
 -8.34588926614504567E-002
  0.12482955240725327     
  3.23557596497662609E-008
  6.77900955921757425E-006
 -2.02552779710010343E-003
  8.08753398686177932E-002
 -0.12153928056255403     
 -2.86624501648020257E-008
 -6.17056685893341729E-006
  1.91699863256748304E-003
 -7.80077350601760533E-002
  0.11774763252675402     
  2.60356884538137292E-008
  5.75866613216900847E-006
 -1.85916036227290970E-003
  7.70589594477311401E-002
 -0.11680877713206755     
 -2.35581209484514215E-008
 -5.35811905124856369E-006
  1.79921043676871026E-003
 -7.59658157973262804E-002
  0.11563764159897678     
  2.08204978709734105E-008
  4.86948902662214351E-006
 -1.70000133463942536E-003
  7.30784535232124749E-002
 -0.11169407190121802     
 -1.84427560165526650E-008
 -4.43015346350104266E-006
  1.60456701648120149E-003
 -7.01358677424026716E-002
  0.10759659890534043     
  1.69721645028804307E-008
  4.18664503840794798E-006
 -1.57206941848756594E-003
  6.98273395134424713E-002
 -0.10750453451175380     
 -1.57494645309502449E-008
 -3.99756263376071260E-006
  1.55949726836325780E-003
 -7.04330220377334254E-002
  0.10883410062723337     
  1.41943950678381538E-008
  3.70907932079887419E-006
 -1.50331990091945008E-003
  6.90150366054896880E-002
 -0.10702266193374045     
 -1.26728387494732095E-008
 -3.40676538238574360E-006
  1.43232219711058738E-003
 -6.67742923906413655E-002
  0.10389154765113726     
  1.13876903229530242E-008
  3.14412755571372839E-006
 -1.36747436016688246E-003
  6.46477288802838057E-002
 -0.10088386566059554     
 -1.04351820644582368E-008
 -2.95683110752458707E-006
  1.32834309668203982E-003
 -6.36278693409545182E-002
  9.95698794416532557E-002
  9.46766946116561196E-009
  2.75094513805078793E-006
 -1.27467826964208059E-003
  6.18175208541908092E-002
 -9.69903033043464369E-002
 -8.67194425307906015E-009
 -2.58182157543086831E-006
  1.23223592656978892E-003
 -6.04623253465448873E-002
  9.50978856262937738E-002
  7.84237624582523600E-009
  2.39115899270236520E-006
 -1.17444065547266563E-003
  5.82776507612571409E-002
 -9.18780676333714463E-002
 -7.01104539307470275E-009
 -2.18722200321056210E-006
  1.10406309665595902E-003
 -5.53717386585915114E-002
  8.74914642961532318E-002
  6.25882626826026434E-009
  1.99658706721577811E-006
 -1.03488152558194328E-003
  5.24374683152622686E-002
 -8.30330076966942776E-002
 -5.47167712599982001E-009
 -1.78375348949438912E-006
  9.48617885254078174E-004
 -4.85462508179614963E-002
  7.70310482710290234E-002
  4.71820334713203819E-009
  1.57032267363791979E-006
 -8.55841269357511428E-004
  4.42153736320359814E-002
 -7.02980481166359805E-002
 -4.10946931788483315E-009
 -1.39502650440216848E-006
  7.78305910792940385E-004
 -4.05752552938658598E-002
  6.46327843280471992E-002
  3.60918272700054891E-009
  1.24983833373671169E-006
 -7.13971273226083020E-004
  3.75634271419290830E-002
 -5.99498391587783633E-002
 -3.14662276490197315E-009
 -1.11199737055350437E-006
  6.50747986184976694E-004
 -3.45592896720355591E-002
  5.52636139012058908E-002
  2.73656918839208342E-009
  9.87203542992814712E-007
 -5.92081322166426835E-004
  3.17452916921426020E-002
 -5.08654256657783549E-002
 -2.36015197466296089E-009
 -8.69801979325634086E-007
  5.35171297957504782E-004
 -2.89807835574935439E-002
  4.65328211495081787E-002
  2.02747456129505576E-009
  7.63343600863784653E-007
 -4.81855202063859948E-004
  2.63550823507499865E-002
 -4.24055090676370983E-002
 -1.76279601834456965E-009
 -6.78193655886193594E-007
  4.39343143538913148E-004
 -2.42733140290384980E-002
  3.91386284851952398E-002
  1.53736535973858678E-009
  6.04480878678142074E-007
 -4.01953401797465449E-004
  2.24340341996329858E-002
 -3.62500593495261800E-002
 -1.33440814758203069E-009
 -5.36181964615996934E-007
  3.65944044911844471E-004
 -2.06316525101114985E-002
  3.34084598432683733E-002
  1.17334988381186288E-009
  4.81532837600107668E-007
 -3.37111123268098601E-004
  1.91943305696011118E-002
 -3.11454394627437396E-002
 -1.03451854482300723E-009
 -4.33521363737525511E-007
  3.11268647127768325E-004
 -1.78974741952860131E-002
  2.91010251438751227E-002
  9.01755148694674460E-010
  3.85726184201278932E-007
 -2.83993103340584425E-004
  1.64892917324722839E-002
 -2.68665245141377976E-002
 -7.66502247805680173E-010
 -3.34334075294665837E-007
  2.52196183570222170E-004
 -1.47823566392636125E-002
  2.41335900982101968E-002
  6.50856755801488469E-010
  2.88990963930292628E-007
 -2.22983313079766298E-004
  1.31867816664405519E-002
 -2.15692950149053951E-002
 -5.67688415312211466E-010
 -2.56401194821077723E-007
  2.02304651405902736E-004
 -1.20700099010276219E-002
  1.97797683715993274E-002
  4.97264180997601952E-010
  2.28423031827813386E-007
 -1.84431222584853255E-004
  1.11051847564861486E-002
 -1.82344293207352924E-002
 -4.34238062121949296E-010
 -2.02878039322992014E-007
  1.67842988931436222E-004
 -1.02057381439456737E-002
  1.67928022717953769E-002
  3.71224987807093309E-010
  1.76268659317561819E-007
 -1.49540128526706267E-004
  9.18593996591334470E-003
 -1.51480386433297861E-002
 -3.15502107506259148E-010
 -1.52010451996412598E-007
  1.32227976190929774E-004
 -8.20595106035900031E-003
  1.35619721977078087E-002
  2.71663685083179004E-010
  1.32515327405363142E-007
 -1.18111728088579317E-004
  7.40369831496139660E-003
 -1.22627440174254559E-002
 -2.40544843944727593E-010
 -1.18530188054596975E-007
  1.08232687382534481E-004
 -6.85266541530773435E-003
  1.13748434912305831E-002
  2.19274872595396466E-010
  1.08893020521240598E-007
 -1.01992709382143815E-004
  6.52625328194997734E-003
 -1.08581004818462546E-002
 -1.97109087944533218E-010
 -9.83101823618232359E-008
  9.46075970721559691E-005
 -6.12273944338207702E-003
  1.02121132220610693E-002
  1.73820047401486310E-010
  8.66188347398799405E-008
 -8.56510570367469045E-005
  5.60696080794044916E-003
 -9.37544595157019031E-003
 -1.54143212167521487E-010
 -7.62757727493907687E-008
  7.74733996355568333E-005
 -5.12974055548476911E-003
  8.59907832439678506E-003
  1.39399714545691575E-010
  6.80062746126194196E-008
 -7.09215290570741857E-005
  4.74925846577571326E-003
 -7.98119836733695957E-003
 -1.28640213437010705E-010
 -6.13190545845044741E-008
  6.56905799916197299E-005
 -4.45025127819650805E-003
  7.49798037828639571E-003
  1.17691016437702260E-010
  5.42067720003927557E-008
 -5.96854690586363893E-005
  4.09188097216203837E-003
 -6.91248712314695892E-003
 -1.10367706343307093E-010
 -4.85762546608934793E-008
  5.49508326811947348E-005
 -3.81208848010227081E-003
  6.45683718236481855E-003
  1.06689562209690842E-010
  4.41895737058205577E-008
 -5.14137051636626345E-005
  3.61115736982874124E-003
 -6.13346072000641937E-003
 -1.03902848199482903E-010
 -3.97568926913239214E-008
  4.76408320490722174E-005
 -3.39022856486216433E-003
  5.77510882175106838E-003
  1.02620273455437308E-010
  3.55477076254731406E-008
 -4.39243347125149353E-005
  3.16885455392497233E-003
 -5.41459401537390441E-003
 -1.01270866790866038E-010
 -3.11486116383112590E-008
  3.97168956232568025E-005
 -2.90595586118808135E-003
  4.98107089375531085E-003
  1.03097329318764066E-010
  2.76762183885367947E-008
 -3.64339239419775613E-005
  2.70422438963081012E-003
 -4.65016317962939092E-003
 -1.08658174556982940E-010
 -2.49663542383955275E-008
  3.39828703247389954E-005
 -2.56033455695034093E-003
  4.41744998212313753E-003
  1.14715590076301175E-010
  2.21489051601530538E-008
 -3.12188523389302411E-005
  2.38899186165012888E-003
 -4.13610103328234530E-003
 -1.21777796128839260E-010
 -1.96541643896200393E-008
  2.86712101713737099E-005
 -2.22765221260037925E-003
  3.86974854731676017E-003
  1.33348297295687397E-010
  1.79140081967737376E-008
 -2.70400249253145914E-005
  2.13254243401469904E-003
 -3.71670531625911335E-003
 -1.48976596009318304E-010
 -1.65389152239374252E-008
  2.58453488286946494E-005
 -2.06913437150972514E-003
  3.61802060702710003E-003
  1.68255001157033104E-010
  1.53127413889314266E-008
 -2.47919793466952288E-005
  2.01505093175637692E-003
 -3.53502376340442907E-003
 -1.87907476934008317E-010
 -1.39564848423434319E-008
  2.34130340323149513E-005
 -1.93164946782831766E-003
  3.39964381029503066E-003
  2.09511796944175189E-010
  1.27270897900543336E-008
 -2.20990092469053854E-005
  1.84950380832285977E-003
 -3.26504403943580655E-003
 -2.34863274022116141E-010
 -1.16461482689948749E-008
  2.09236972128961098E-005
 -1.77574830333433352E-003
  3.14414901623978529E-003
  2.61343500218651989E-010
  1.05932676316001757E-008
 -1.96732660155796232E-005
  1.69208053992603389E-003
 -3.00446921375495781E-003
 -2.93680705414217310E-010
 -9.74089707777178549E-009
  1.86827587833737543E-005
 -1.62758596148923585E-003
  2.89772415450307219E-003
  3.29584032223992098E-010
  8.95691531229859566E-009
 -1.77221286084441330E-005
  1.56282149726001446E-003
 -2.78949901978953717E-003
 -3.64677330739236551E-010
 -8.14933605066288051E-009
  1.66069911695000790E-005
 -1.48126440271308048E-003
  2.65018564667984010E-003
  3.98073668189804527E-010
  7.36578989395077155E-009
 -1.54255653860341792E-005
  1.39029196168583479E-003
 -2.49278086702325310E-003
 -4.41576797048190943E-010
 -6.79908739814166921E-009
  1.46052850037055552E-005
 -1.32905244019473684E-003
  2.38768797054042655E-003
  4.88954835025896836E-010
  6.23264070420693628E-009
 -1.37245973191415307E-005
  1.26055008658003658E-003
 -2.26893248987941176E-003
 -5.39481254998815570E-010
 -5.68281616956867176E-009
  1.28136512489135657E-005
 -1.18726589277770881E-003
  2.14086501281144856E-003
  6.06475731364709832E-010
  5.24669694018357299E-009
 -1.21063480013598751E-005
  1.13129923339758132E-003
 -2.04348289888950721E-003
 -6.85422252302340800E-010
 -4.80467802390538630E-009
  1.13457979193962603E-005
 -1.06923794751083694E-003
  1.93470849368508981E-003
  7.66193230447481585E-010
  4.30360903160862539E-009
 -1.03963165651810056E-005
  9.87899670373346660E-004
 -1.79053936868353906E-003
 -8.54498481541132760E-010
 -3.82082133486307379E-009
  9.43397131957681890E-006
 -9.03578742790491266E-004
  1.64034134761520661E-003
  9.58976524396125541E-010
  3.38519703516581040E-009
 -8.53705558335024081E-006
  8.23940686289397926E-004
 -1.49808349836404739E-003
 -1.08216724485484493E-009
 -2.98373086734151011E-009
  7.68169708366130337E-006
 -7.46925045154884994E-004
  1.36010208599111415E-003
  1.22182545307065171E-009
  2.60831460659966908E-009
 -6.85083862921277463E-006
  6.70949338462054176E-004
 -1.22353730486821533E-003
 -1.38259142734591308E-009
 -2.25562839732164905E-009
  6.04251800327343953E-006
 -5.96003424247705548E-004
  1.08843187125131171E-003
  1.54683681177108206E-009
  1.91855669090360753E-009
 -5.23801323491561129E-006
  5.20201437515651613E-004
 -9.51321536828775424E-004
 -1.72323969692342728E-009
 -1.62465553259572212E-009
  4.51664575772773424E-006
 -4.51510198141082987E-004
  8.26802328989178852E-004
  1.94617369077817948E-009
  1.39173266327982176E-009
 -3.93789615464538092E-006
  3.96185538425407194E-004
 -7.26439150716704255E-004
 -2.23221222508122208E-009
 -1.20770612710463344E-009
  3.47697681881126856E-006
 -3.52037345779871130E-004
  6.46325075772147457E-004
  2.66792660417250876E-009
  1.07151240994173933E-009
 -3.14169535798189618E-006
  3.20233270760561929E-004
 -5.88742249350034824E-004
 -3.18123972919576197E-009
 -9.25626058722219328E-010
  2.76753924954041734E-006
 -2.84148193619466615E-004
  5.23178704161988820E-004
  3.72838842347379935E-009
  7.78352275778668441E-010
 -2.37462603273140076E-006
  2.45655726216419037E-004
 -4.53010284767497453E-004
 -4.35706391760884247E-009
 -6.51921223084081821E-010
  2.03039128298871403E-006
 -2.11689545399945271E-004
  3.91004039902499516E-004
  5.08895611387906763E-009
  5.48999777405658457E-010
 -1.74611693014237385E-006
  1.83513335896375170E-004
 -3.39523824488027217E-004
 -6.00548615947829881E-009
 -4.70425793670791771E-010
  1.52877933080851737E-006
 -1.62004007487641030E-004
  3.00243864650874559E-004
  7.27824744800591092E-009
  4.12172709970228798E-010
 -1.37079320939819241E-006
  1.46561622741400678E-004
 -2.72128436187409658E-004
 -8.77391159334312138E-009
 -3.59348258703790204E-010
  1.22481659696998207E-006
 -1.32200732626769460E-004
  2.45948854742951179E-004
  1.06457091582914324E-008
  3.16342947273708628E-010
 -1.10652984956009596E-006
  1.20632708425317804E-004
 -2.24894998183753541E-004
 -1.28015804589123952E-008
 -2.77830642601139145E-010
  9.98364264809990301E-007
 -1.09973512619600616E-004
  2.05465265360971775E-004
  1.53266720533273251E-008
  2.45184967185560397E-010
 -9.05736611483936496E-007
  1.00829153142714282E-004
 -1.88794128952995440E-004
 -1.82684127210273607E-008
 -2.17416558413564897E-010
  8.26064155494308957E-007
 -9.29441544887878071E-005
  1.74414307194431501E-004
  2.15527357391955476E-008
  1.93089740802234067E-010
 -7.54492091728587503E-007
  8.57879482667059590E-005
 -1.61334977537048823E-004
 -2.52583096510443789E-008
 -1.71535142003725088E-010
  6.89429328696910860E-007
 -7.92113550023261579E-005
  1.49286702254939360E-004
  2.93137984817538455E-008
  1.52746263545426776E-010
 -6.31040045090682681E-007
  7.32335953710422567E-005
 -1.38304785649443108E-004
 -3.44103534521814699E-008
 -1.37809254234515949E-010
  5.85374285040976952E-007
 -6.86128289434572922E-005
  1.29841733066326072E-004
  4.02580128417544028E-008
  1.23450142603251798E-010
 -5.39521184695878075E-007
  6.38726780033286386E-005
 -1.21117253785112160E-004
 -4.62040360546893237E-008
 -1.08449622417511064E-010
  4.87802256139948311E-007
 -5.83198098804512717E-005
  1.10807941917421377E-004
  5.30653197159662766E-008
  9.53221344205318551E-011
 -4.41448938503868915E-007
  5.32901047574625106E-005
 -1.01448653234560013E-004
 -6.09251164331323177E-008
 -8.32820261740069435E-011
  3.97641624870600654E-007
 -4.84693150161902094E-005
  9.24505211206757161E-005
  6.95280201674545809E-008
  7.16437251844421699E-011
 -3.53463808915496383E-007
  4.35133799544851194E-005
 -8.31611202298822283E-005
 -7.66363236765911305E-008
 -5.95223769817183784E-011
  3.04047934991624220E-007
 -3.78009658877598130E-005
  7.23841553473183053E-005
  8.47466352605565036E-008
  5.00447421724122470E-011
 -2.65134941345750983E-007
  3.32827654908748953E-005
 -6.38522056431897305E-005
 -9.70512223487626111E-008
 -4.31263823677472743E-011
  2.38299236591642526E-007
 -3.02215884342845453E-005
  5.80934282924393161E-005
  1.13402441468031162E-007
  3.69169766249102466E-011
 -2.14968650013569890E-007
  2.75797540271316958E-005
 -5.31310794045339159E-005
 -1.30810544115742135E-007
 -3.01351197922666747E-011
  1.87975591487745540E-007
 -2.44419871375572276E-005
  4.72032249741686976E-005
  1.43771526133466267E-007
  2.29688817822093839E-011
 -1.56518113265153220E-007
  2.06573194626972073E-005
 -4.00016275812209579E-005
 -1.63724795795013891E-007
 -1.76100297706948542E-011
  1.35191720856499706E-007
 -1.81477047725908807E-005
  3.52466379658079290E-005
  1.92309344095831358E-007
  1.22146021200934317E-011
 -1.15196625985161176E-007
  1.58283916664579619E-005
 -3.08639295300747841E-005
 -2.19850549611452762E-007
 -6.11209429799669631E-012
  9.03857837666225675E-008
 -1.28531742622583426E-005
  2.52026438202310588E-005
  2.45729222965504694E-007
  5.15295599770387324E-014
 -6.45392686898787150E-008
  9.69883696597537320E-006
 -1.91786234135529327E-005
 -2.70757473968728833E-007
  5.54534383806622095E-012
  4.03480763310351031E-008
 -6.72134942836440169E-006
  1.34818281480161007E-005
  3.12748120041720873E-007
 -1.15886806252161936E-011
 -1.75566885497025248E-008
  3.99297815990956579E-006
 -8.28745450646418146E-006
 -3.57453932079530025E-007
  1.81525154956508860E-011
 -7.97549980173340407E-009
 -8.97047798842102483E-007
  2.37745262706369508E-006
  3.98139874794772559E-007
 -2.44752504994202246E-011
  3.37328082496855797E-008
 -2.27412132070951313E-006
  3.69477447594322500E-006
 -4.33225787614243821E-007
  3.01713607938860185E-011
 -5.77599032048440074E-008
  5.26784208328359433E-006
 -9.44101577700639326E-006
  4.67532861658576435E-007
 -3.54946697446910459E-011
  8.01470641124978506E-008
 -8.06461153166217674E-006
  1.48128971783369969E-005
 -4.96111668958479695E-007
  4.01263937938983414E-011
 -1.00254910893563694E-007
  1.06030434055058707E-005
 -1.96987235684932314E-005
  5.13906710415757603E-007
 -4.36166019409194488E-011
  1.16779057668101431E-007
 -1.27338156717727869E-005
  2.38162106187520942E-005
 -5.26473371320453026E-007
  4.64503717722242831E-011
 -1.30960627613532143E-007
  1.45890011992523915E-005
 -2.74109118000601682E-005
  5.32414036621975940E-007
 -4.85461970328144083E-011
  1.42726569985869062E-007
 -1.61656230439855259E-005
  3.04791939364465197E-005
 -5.17800910580138011E-007
  4.86309064846737723E-011
 -1.48248644720466292E-007
  1.70268965755373089E-005
 -3.21962476219292494E-005
  4.81035946117298376E-007
 -4.63748313770579981E-011
  1.45887149545925254E-007
 -1.69551995079362330E-005
  3.21390700415069759E-005
 -4.35042522359081724E-007
  4.29486401047885529E-011
 -1.38932740424814473E-007
  1.63157012451925006E-005
 -3.09929699976070684E-005
  3.80292372773541035E-007
 -3.83614654486891917E-011
  1.27266109485063762E-007
 -1.50850518236428100E-005
  2.87097671598345993E-005
 -3.25421656839517366E-007
  3.34604009804268117E-011
 -1.13480034762373604E-007
  1.35602400672280788E-005
 -2.58504409379510296E-005
  2.93230434194047650E-007
 -3.06881332275118279E-011
  1.06226229512499215E-007
 -1.27881589910680089E-005
  2.44155783599799125E-005
 -2.68789011700381553E-007
  2.86670335432054719E-011
 -1.01387182294612411E-007
  1.23016516573084705E-005
 -2.35242602637423953E-005
  2.35026439804537312E-007
 -2.55560894721448299E-011
  9.24167679305686747E-008
 -1.13037329872442447E-005
  2.16513667396917427E-005
 -2.02826282699489929E-007
  2.24858662633796541E-011
 -8.31081511394969534E-008
  1.02461503114720126E-005
 -1.96573858957742366E-005
  1.71692480458650177E-007
 -1.93923524489625698E-011
  7.32208168786608782E-008
 -9.09687782721870838E-006
  1.74798531291594631E-005
 -1.44027772111885817E-007
  1.65545251816071271E-011
 -6.37422996347732292E-008
  7.97596962978131865E-006
 -1.53483016692258606E-005
  1.24492131088068238E-007
 -1.45475061014313785E-011
  5.70859572070155689E-008
 -7.19207399987151850E-006
  1.38591571812722608E-005
 -1.08475678807629750E-007
  1.28910560933128174E-011
 -5.15464558045896548E-008
  6.53910133318336174E-006
 -1.26186466898085658E-005
  9.36584709874633617E-008
 -1.13216313587467331E-011
  4.61731019900386265E-008
 -5.89952842700591134E-006
  1.14011582335863101E-005
 -7.99337590725297163E-008
  9.83695885598387207E-012
 -4.09294925502479948E-008
  5.26858685786899304E-006
 -1.01973983053077737E-005
  6.72457132318469168E-008
 -8.42434124316116992E-012
  3.57943086097314145E-008
 -4.64309973366673293E-006
  9.00100713171353507E-006
 -5.52261454037412364E-008
  7.04609987826977788E-012
 -3.05597898193060112E-008
  3.99503726277105381E-006
 -7.75715911483302784E-006
  4.53410180479806127E-008
 -5.88071551454748915E-012
  2.60125632476186793E-008
 -3.42556028119761246E-006
  6.66152588799583469E-006
 -3.97714199393933707E-008
  5.24768261799013344E-012
 -2.36684080880389054E-008
  3.14031319863118528E-006
 -6.11636959400605801E-006
  3.45062135224933685E-008
 -4.63575521667790075E-012
  2.13760124735152133E-008
 -2.85983542084715945E-006
  5.57978397040729368E-006
 -2.91042234948057364E-008
  3.98777633820516511E-012
 -1.88046006925022054E-008
  2.53811530282171060E-006
 -4.96127116857180892E-006
  2.43961807415329390E-008
 -3.40637921944240795E-012
  1.64490917111553164E-008
 -2.24033822010284601E-006
  4.38755610049550043E-006
 -2.07815376520761996E-008
  2.96081945396610201E-012
 -1.46302335418500692E-008
  2.01109831178253013E-006
 -3.94630323161438962E-006
  1.78754609391570056E-008
 -2.59643287005916389E-012
  1.31522371211118847E-008
 -1.82519719030490061E-006
  3.58874132134435904E-006
 -1.55491234087207621E-008
  2.30781349029045061E-012
 -1.19796125052807468E-008
  1.67911804799887321E-006
 -3.30851508262237613E-006
  1.34952494083925359E-008
 -2.04443358214155757E-012
  1.09019280727050937E-008
 -1.54388673706882038E-006
  3.04873420961358816E-006
 -1.17199092070181685E-008
  1.81659202799968506E-012
 -9.93748185631683471E-009
  1.42223715254520335E-006
 -2.81483783888797510E-006
  1.01883012849127385E-008
 -1.61272896998250390E-012
  9.07482509008436501E-009
 -1.31281814156796313E-006
  2.60425462675892939E-006
 -8.78588707532960670E-009
  1.42360848047978212E-012
 -8.21719492179281702E-009
  1.20152200397142306E-006
 -2.38893161981362654E-006
  7.62161880190551437E-009
 -1.26007202439085848E-012
  7.47769993217875469E-009
 -1.10493881707130629E-006
  2.20185301665570331E-006
 -6.70577439963116911E-009
  1.13471316883073768E-012
 -6.90165171112266608E-009
  1.03062566650611538E-006
 -2.05842328358935825E-006
  5.81031814326952012E-009
 -1.00298376668178269E-012
  6.27710346925571707E-009
 -9.47476659544054412E-007
  1.89673566392562984E-006
 -4.93451659421231299E-009
  8.71598503348202234E-013
 -5.58501780564340161E-009
  8.51803713713773025E-007
 -1.70903871285423728E-006
  4.28269671701431058E-009
 -7.69897259129839009E-013
  5.06414211726955805E-009
 -7.79984708619058429E-007
  1.56828044905324322E-006
 -3.81911524048320565E-009
  7.02072909257251587E-013
 -4.72162331166552127E-009
  7.34594330242995011E-007
 -1.48025934078685966E-006
  3.37203204170836575E-009
 -6.30972117006468460E-013
  4.36503762217576356E-009
 -6.86294701419346682E-007
  1.38611469439437589E-006
 -2.88982686336206341E-009
  5.53860369582425450E-013
 -3.91936979872121746E-009
  6.22915954038580825E-007
 -1.26109527384052137E-006
  2.47475707354040480E-009
 -4.82187179287733289E-013
  3.50983214217298495E-009
 -5.63707841004014791E-007
  1.14387093025931445E-006
 -2.19169823552248893E-009
  4.37277069909145807E-013
 -3.25231799674582058E-009
  5.27997127973485673E-007
 -1.07396089023193902E-006
  1.94086166620387590E-009
 -3.93713159912834765E-013
  3.02235725765077903E-009
 -4.96392469120097754E-007
  1.01228377259459408E-006
 -1.69158202672043630E-009
  3.52609071542428933E-013
 -2.76980863654110427E-009
  4.60522416058805288E-007
 -9.41703704462073742E-007
  1.46986756134265258E-009
 -3.11388638632920350E-013
  2.53341937094399093E-009
 -4.26594344841102756E-007
  8.74802574706061669E-007
 -1.27685915498441688E-009
  2.78511356882330017E-013
 -2.31817250686397951E-009
  3.95465067568265702E-007
 -8.13336165483750695E-007
  1.11028801428598622E-009
 -2.45789189760213106E-013
  2.12468786591507800E-009
 -3.67329186219435379E-007
  7.57737761186381803E-007
 -9.60526224579601405E-010
  2.19355050567472943E-013
 -1.93853950870548291E-009
  3.39757966142299894E-007
 -7.03017759674505705E-007
  8.21959494593787573E-010
 -1.90111979922887780E-013
  1.74814812581310161E-009
 -3.10591138941168248E-007
  6.44636845671084270E-007
 -7.21100692679009593E-010
  1.72142793964203285E-013
 -1.61628000725179061E-009
  2.91142314202469437E-007
 -6.06140039664737464E-007
  6.34214601047541365E-010
 -1.53067971584197005E-013
  1.50305722567787898E-009
 -2.74763496051199525E-007
  5.73930004985956217E-007
 -5.43090309727148446E-010
  1.35994327629360974E-013
 -1.36430057166393190E-009
  2.53275244949725695E-007
 -5.30868507548404572E-007
  4.67591648413730157E-010
 -1.18190609979548285E-013
  1.24612013936050526E-009
 -2.34967373530579736E-007
  4.94199844829886494E-007
 -4.13092906763213730E-010
  1.08902077255134069E-013
 -1.17403903459384104E-009
  2.25113252377050284E-007
 -4.75221518496540127E-007
  3.57360572684848564E-010
 -9.49317669981034109E-014
  1.08765071653587654E-009
 -2.12217820063752077E-007
  4.49705144485898474E-007
 -3.12329053629690761E-010
  8.70776818594966222E-014
 -1.02053756760287340E-009
  2.02639498463640317E-007
 -4.31030345430068429E-007
  2.78626108353338988E-010
 -7.81080519311586127E-014
  9.79004152168597812E-010
 -1.97766867765349345E-007
  4.22209252634265636E-007
 -2.53532663435577331E-010
  7.50100351623306237E-014
 -9.59153190216442649E-010
  1.97023940567853322E-007
 -4.22102801497391720E-007
  2.33782036317818823E-010
 -6.92091406595259035E-014
  9.52168261109848219E-010
 -1.98723254760054966E-007
  4.27149575680592935E-007
 -2.18110340968742492E-010
  6.84455631968301345E-014
 -9.53802373483628721E-010
  2.01985047601119990E-007
 -4.35458183462766693E-007
  2.01332930885895847E-010
 -6.26766672263936180E-014
  9.39553691763369593E-010
 -2.01511465638268975E-007
  4.35558072567006143E-007
 -1.84309593997932093E-010
  6.05166939091514012E-014
 -9.09705625387364034E-010
  1.97171397585792313E-007
 -4.27078306399697569E-007
  1.65922877171617211E-010
 -5.36754537124147453E-014
  8.57233836090483232E-010
 -1.87344072623491989E-007
  4.06464014176130182E-007
 -1.56499096894017786E-010
  5.27595836439353114E-014
 -8.39725460052149596E-010
  1.84746713864622484E-007
 -4.01360253655641412E-007
  1.48584962344094443E-010
 -4.88015193065098178E-014
  8.25418692463439388E-010
 -1.82690482903766425E-007
  3.97364061754855454E-007
 -1.34152982489194200E-010
  4.60816450001802119E-014
 -7.67894511692673701E-010
  1.70822364723878211E-007
 -3.71921356698368454E-007
  1.18509506936714343E-010
 -3.90137252529691832E-014
  6.95251897479755869E-010
 -1.55299331929034501E-007
  3.38397526519260563E-007
 -1.01424697577333501E-010
  3.49843070708538209E-014
 -6.07374892558274844E-010
  1.36130238930056448E-007
 -2.96824976130304245E-007
  8.20849097408353248E-011
 -2.61864844727792740E-014
  4.99611580272514551E-010
 -1.12275403082305342E-007
  2.44938636200140383E-007
 -6.13490315773437137E-011
  2.06390642387739924E-014
 -3.78093257249902375E-010
  8.51391466197473847E-008
 -1.85811957833626559E-007
  3.95636923668312425E-011
 -1.08402805893970888E-014
  2.45876393296602269E-010
 -5.54417293803681627E-008
  1.21031434076189429E-007
 -1.97077628154672500E-011
  5.26453061368367855E-015
 -1.23068655036338510E-010
  2.77717235131640782E-008
 -6.06360949306730813E-008
  9.04715122302596480E-015
  3.76885273675232276E-015
  5.05271157189265059E-015
  5.87130976200382604E-014
  2.86794109715144536E-013
