   R(CO)A    R(CS)A  THE(degree) E_CCSDa(T)(hatree) E_CCSDb(T)(hatree)
   0.800000  0.900000  140.0000   -508.9678621   -508.9549839
   0.800000  1.050000  140.0000   -509.9648524   -509.9519466
   0.800000  1.200000  140.0000   -510.4553280   -510.4423778
   0.800000  1.300000  140.0000   -510.6266598   -510.6136798
   0.800000  1.400000  140.0000   -510.7253859   -510.7123789
   0.800000  1.500000  140.0000   -510.7785085   -510.7654766
   0.800000  1.558600  140.0000   -510.7957177   -510.7826716
   0.800000  1.600000  140.0000   -510.8034749   -510.7904187
   0.800000  1.700000  140.0000   -510.8115217   -510.7984404
   0.800000  1.850000  140.0000   -510.8068773   -510.7937558
   0.800000  2.000000  140.0000   -510.7937641   -510.7806001
   0.800000  2.150000  140.0000   -510.7788393   -510.7656330
   0.800000  2.300000  140.0000   -510.7650913   -510.7518449
   0.800000  2.500000  140.0000   -510.7504913   -510.7371968
   0.900000  0.900000  140.0000   -509.3964675   -509.3834157
   0.900000  1.050000  140.0000   -510.3759459   -510.3629403
   0.900000  1.200000  140.0000   -510.8515661   -510.8385482
   0.900000  1.300000  140.0000   -511.0145083   -511.0014692
   0.900000  1.400000  140.0000   -511.1060355   -511.0929728
   0.900000  1.500000  140.0000   -511.1530598   -511.1399718
   0.900000  1.558600  140.0000   -511.1671682   -511.1540646
   0.900000  1.600000  140.0000   -511.1729244   -511.1598091
   0.900000  1.700000  140.0000   -511.1768019   -511.1636565
   0.900000  1.850000  140.0000   -511.1674919   -511.1542969
   0.900000  2.000000  140.0000   -511.1514035   -511.1381571
   0.900000  2.150000  140.0000   -511.1348689   -511.1215740
   0.900000  2.300000  140.0000   -511.1204947   -511.1071563
   0.900000  2.500000  140.0000   -511.1059609   -511.0925731
   1.000000  0.900000  140.0000   -509.6190330   -509.6058140
   1.000000  1.050000  140.0000   -510.5831217   -510.5700089
   1.000000  1.200000  140.0000   -511.0455870   -511.0324904
   1.000000  1.300000  140.0000   -511.2010112   -511.1879037
   1.000000  1.400000  140.0000   -511.2859841   -511.2728585
   1.000000  1.500000  140.0000   -511.3273299   -511.3141812
   1.000000  1.558600  140.0000   -511.3384791   -511.3253144
   1.000000  1.600000  140.0000   -511.3422975   -511.3291204
   1.000000  1.700000  140.0000   -511.3419889   -511.3287776
   1.000000  1.850000  140.0000   -511.3276667   -511.3143955
   1.000000  2.000000  140.0000   -511.3080615   -511.2947272
   1.000000  2.150000  140.0000   -511.2894012   -511.2760098
   1.000000  2.300000  140.0000   -511.2740298   -511.2605903
   1.000000  2.500000  140.0000   -511.2592879   -511.2457974
   1.070000  0.900000  140.0000   -509.7030320   -509.6897145
   1.070000  1.050000  140.0000   -510.6577811   -510.6445955
   1.070000  1.200000  140.0000   -511.1122866   -511.0991316
   1.070000  1.300000  140.0000   -511.2631476   -511.2499878
   1.070000  1.400000  140.0000   -511.3441197   -511.3309461
   1.070000  1.500000  140.0000   -511.3819654   -511.3687710
   1.070000  1.558600  140.0000   -511.3912676   -511.3780578
   1.070000  1.600000  140.0000   -511.3938627   -511.3806403
   1.070000  1.700000  140.0000   -511.3908560   -511.3775977
   1.070000  1.850000  140.0000   -511.3731301   -511.3598051
   1.070000  2.000000  140.0000   -511.3509295   -511.3375320
   1.070000  2.150000  140.0000   -511.3305422   -511.3170799
   1.070000  2.300000  140.0000   -511.3142577   -511.3007436
   1.070000  2.500000  140.0000   -511.2991971   -511.2856306
   1.164700  0.900000  140.0000   -509.7606517   -509.7472297
   1.164700  1.050000  140.0000   -510.7045389   -510.6912625
   1.164700  1.200000  140.0000   -511.1498625   -511.1366269
   1.164700  1.300000  140.0000   -511.2954684   -511.2822342
   1.164700  1.400000  140.0000   -511.3718352   -511.3585921
   1.164700  1.500000  140.0000   -511.4056478   -511.3923873
   1.164700  1.558600  140.0000   -511.4128142   -511.3995393
   1.164700  1.600000  140.0000   -511.4139882   -511.4007010
   1.164700  1.700000  140.0000   -511.4078099   -511.3944857
   1.164700  1.850000  140.0000   -511.3859311   -511.3725322
   1.164700  2.000000  140.0000   -511.3603188   -511.3468336
   1.164700  2.150000  140.0000   -511.3374271   -511.3238650
   1.164700  2.300000  140.0000   -511.3196569   -511.3060369
   1.164700  2.500000  140.0000   -511.3039247   -511.2902505
   1.250000  0.900000  140.0000   -509.7789119   -509.7654206
   1.250000  1.050000  140.0000   -510.7145840   -510.7012345
   1.250000  1.200000  140.0000   -511.1530292   -511.1397222
   1.250000  1.300000  140.0000   -511.2947153   -511.2814124
   1.250000  1.400000  140.0000   -511.3676619   -511.3543530
   1.250000  1.500000  140.0000   -511.3984938   -511.3851697
   1.250000  1.558600  140.0000   -511.4040866   -511.3907490
   1.250000  1.600000  140.0000   -511.4042139   -511.3908644
   1.250000  1.700000  140.0000   -511.3956912   -511.3823043
   1.250000  1.850000  140.0000   -511.3706659   -511.3571984
   1.250000  2.000000  140.0000   -511.3422890   -511.3287224
   1.250000  2.150000  140.0000   -511.3171397   -511.3034836
   1.250000  2.300000  140.0000   -511.2978466   -511.2841261
   1.250000  2.500000  140.0000   -511.2812712   -511.2674948
   1.300000  0.900000  140.0000   -509.7805145   -509.7669912
   1.300000  1.050000  140.0000   -510.7119896   -510.6986010
   1.300000  1.200000  140.0000   -511.1469369   -511.1335892
   1.300000  1.300000  140.0000   -511.2866362   -511.2732929
   1.300000  1.400000  140.0000   -511.3578572   -511.3445086
   1.300000  1.500000  140.0000   -511.3871945   -511.3738315
   1.300000  1.558600  140.0000   -511.3920028   -511.3786266
   1.300000  1.600000  140.0000   -511.3916107   -511.3782227
   1.300000  1.700000  140.0000   -511.3819271   -511.3685016
   1.300000  1.850000  140.0000   -511.3553340   -511.3418249
   1.300000  2.000000  140.0000   -511.3255260   -511.3119105
   1.300000  2.150000  140.0000   -511.2991165   -511.2854033
   1.300000  2.300000  140.0000   -511.2788833   -511.2651014
   1.300000  2.500000  140.0000   -511.2617146   -511.2478756
   1.400000  0.900000  140.0000   -509.7717476   -509.7581747
   1.400000  1.050000  140.0000   -510.6960552   -510.6825972
   1.400000  1.200000  140.0000   -511.1250177   -511.1115925
   1.400000  1.300000  140.0000   -511.2613247   -511.2479017
   1.400000  1.400000  140.0000   -511.3296103   -511.3161809
   1.400000  1.500000  140.0000   -511.3564249   -511.3429802
   1.400000  1.558600  140.0000   -511.3599202   -511.3464618
   1.400000  1.600000  140.0000   -511.3586633   -511.3451928
   1.400000  1.700000  140.0000   -511.3470655   -511.3335563
   1.400000  1.850000  140.0000   -511.3179055   -511.3043074
   1.400000  2.000000  140.0000   -511.2857006   -511.2719823
   1.400000  2.150000  140.0000   -511.2570225   -511.2431892
   1.400000  2.300000  140.0000   -511.2348914   -511.2209795
   1.400000  2.500000  140.0000   -511.2163431   -511.2023714
   1.600000  0.900000  140.0000   -509.7336475   -509.7200234
   1.600000  1.050000  140.0000   -510.6478358   -510.6342843
   1.600000  1.200000  140.0000   -511.0680860   -511.0545388
   1.600000  1.300000  140.0000   -511.1994386   -511.1858768
   1.600000  1.400000  140.0000   -511.2634566   -511.2498717
   1.600000  1.500000  140.0000   -511.2866545   -511.2730373
   1.600000  1.558600  140.0000   -511.2882981   -511.2746572
   1.600000  1.600000  140.0000   -511.2858374   -511.2721775
   1.600000  1.700000  140.0000   -511.2716308   -511.2579161
   1.600000  1.850000  140.0000   -511.2390910   -511.2252661
   1.600000  2.000000  140.0000   -511.2037420   -511.1897674
   1.600000  2.150000  140.0000   -511.1718574   -511.1577251
   1.600000  2.300000  140.0000   -511.1463668   -511.1321263
   1.600000  2.500000  140.0000   -511.1244866   -511.1101785
   1.800000  0.900000  140.0000   -509.6923405   -509.6787131
   1.800000  1.050000  140.0000   -510.6008318   -510.5872605
   1.800000  1.200000  140.0000   -511.0156615   -511.0020742
   1.800000  1.300000  140.0000   -511.1437910   -511.1301709
   1.800000  1.400000  140.0000   -511.2050170   -511.1913526
   1.800000  1.500000  140.0000   -511.2258853   -511.2121653
   1.800000  1.558600  140.0000   -511.2263922   -511.2126339
   1.800000  1.600000  140.0000   -511.2232290   -511.2094410
   1.800000  1.700000  140.0000   -511.2076630   -511.1937928
   1.800000  1.850000  140.0000   -511.1739421   -511.1599158
   1.800000  2.000000  140.0000   -511.1382618   -511.1240244
   1.800000  2.150000  140.0000   -511.1065505   -511.0920489
   1.800000  2.300000  140.0000   -511.0809087   -511.0661792
   1.800000  2.500000  140.0000   -511.0568628   -511.0419982
   0.800000  0.900000  150.0000   -509.0376692   -509.0247405
   0.800000  1.050000  150.0000   -510.0213297   -510.0084195
   0.800000  1.200000  150.0000   -510.5001733   -510.4872386
   0.800000  1.300000  150.0000   -510.6647880   -510.6518289
   0.800000  1.400000  150.0000   -510.7575412   -510.7445574
   0.800000  1.500000  150.0000   -510.8053703   -510.7923621
   0.800000  1.558600  150.0000   -510.8197758   -510.8067529
   0.800000  1.600000  150.0000   -510.8256723   -510.8126386
   0.800000  1.700000  150.0000   -510.8296757   -510.8166145
   0.800000  1.850000  150.0000   -510.8200804   -510.8069736
   0.800000  2.000000  150.0000   -510.8032355   -510.7900813
   0.800000  2.150000  150.0000   -510.7856080   -510.7724084
   0.800000  2.300000  150.0000   -510.7699379   -510.7566967
   0.800000  2.500000  150.0000   -510.7536093   -510.7403198
   0.900000  0.900000  150.0000   -509.4592620   -509.4461808
   0.900000  1.050000  150.0000   -510.4267340   -510.4137329
   0.900000  1.200000  150.0000   -510.8924806   -510.8794804
   0.900000  1.300000  150.0000   -511.0497229   -511.0367052
   0.900000  1.400000  150.0000   -511.1361145   -511.1230747
   0.900000  1.500000  150.0000   -511.1785083   -511.1654436
   0.900000  1.558600  150.0000   -511.1901250   -511.1770441
   0.900000  1.600000  150.0000   -511.1942174   -511.1811243
   0.900000  1.700000  150.0000   -511.1944042   -511.1812787
   0.900000  1.850000  150.0000   -511.1804352   -511.1672550
   0.900000  2.000000  150.0000   -511.1607276   -511.1474911
   0.900000  2.150000  150.0000   -511.1415119   -511.1282237
   0.900000  2.300000  150.0000   -511.1252093   -511.1118764
   0.900000  2.500000  150.0000   -511.1089443   -511.0955618
   1.000000  0.900000  150.0000   -509.6741888   -509.6609746
   1.000000  1.050000  150.0000   -510.6278405   -510.6147442
   1.000000  1.200000  150.0000   -511.0821079   -511.0690322
   1.000000  1.300000  150.0000   -511.2327942   -511.2197086
   1.000000  1.400000  150.0000   -511.3134521   -511.3003490
   1.000000  1.500000  150.0000   -511.3508544   -511.3377278
   1.000000  1.558600  150.0000   -511.3598553   -511.3467123
   1.000000  1.600000  150.0000   -511.3622272   -511.3490711
   1.000000  1.700000  150.0000   -511.3586679   -511.3454755
   1.000000  1.850000  150.0000   -511.3401307   -511.3268736
   1.000000  2.000000  150.0000   -511.3171319   -511.3038068
   1.000000  2.150000  150.0000   -511.2958756   -511.2824902
   1.000000  2.300000  150.0000   -511.2785971   -511.2651627
   1.000000  2.500000  150.0000   -511.2621338   -511.2486485
   1.070000  0.900000  150.0000   -509.7528607   -509.7395689
   1.070000  1.050000  150.0000   -510.6982757   -510.6851140
   1.070000  1.200000  150.0000   -511.1456402   -511.1325080
   1.070000  1.300000  150.0000   -511.2923657   -511.2792283
   1.070000  1.400000  150.0000   -511.3695465   -511.3563949
   1.070000  1.500000  150.0000   -511.4039006   -511.3907274
   1.070000  1.558600  150.0000   -511.4112890   -511.3980996
   1.070000  1.600000  150.0000   -511.4125901   -511.3993875
   1.070000  1.700000  150.0000   -511.4066565   -511.3934158
   1.070000  1.850000  150.0000   -511.3850812   -511.3717692
   1.070000  2.000000  150.0000   -511.3597107   -511.3463214
   1.070000  2.150000  150.0000   -511.3368386   -511.3233815
   1.070000  2.300000  150.0000   -511.3186912   -511.3051815
   1.070000  2.500000  150.0000   -511.3019337   -511.2883722
   1.164700  0.900000  150.0000   -509.8035721   -509.7901927
   1.164700  1.050000  150.0000   -510.7395553   -510.7263087
   1.164700  1.200000  150.0000   -511.1790035   -511.1657922
   1.164700  1.300000  150.0000   -511.3211898   -511.3079778
   1.164700  1.400000  150.0000   -511.3943927   -511.3811703
   1.164700  1.500000  150.0000   -511.4252639   -511.4120226
   1.164700  1.558600  150.0000   -511.4308069   -511.4175503
   1.164700  1.600000  150.0000   -511.4308788   -511.4176092
   1.164700  1.700000  150.0000   -511.4221929   -511.4088841
   1.164700  1.850000  150.0000   -511.3969723   -511.3835844
   1.164700  2.000000  150.0000   -511.3685447   -511.3550659
   1.164700  2.150000  150.0000   -511.3433803   -511.3298215
   1.164700  2.300000  150.0000   -511.3238541   -511.3102371
   1.164700  2.500000  150.0000   -511.3064903   -511.2928204
   1.250000  0.900000  150.0000   -509.8160246   -509.8025795
   1.250000  1.050000  150.0000   -510.7449944   -510.7316755
   1.250000  1.200000  150.0000   -511.1785588   -511.1652752
   1.250000  1.300000  150.0000   -511.3173835   -511.3041012
   1.250000  1.400000  150.0000   -511.3876569   -511.3743665
   1.250000  1.500000  150.0000   -511.4159812   -511.4026739
   1.250000  1.558600  150.0000   -511.4201817   -511.4068598
   1.250000  1.600000  150.0000   -511.4193610   -511.4060265
   1.250000  1.700000  150.0000   -511.4086721   -511.3952980
   1.250000  1.850000  150.0000   -511.3807359   -511.3672771
   1.250000  2.000000  150.0000   -511.3498718   -511.3363094
   1.250000  2.150000  150.0000   -511.3226792   -511.3090243
   1.250000  2.300000  150.0000   -511.3017700   -511.2880508
   1.250000  2.500000  150.0000   -511.2836583   -511.2698852
   1.300000  0.900000  150.0000   -509.8144280   -509.8009487
   1.300000  1.050000  150.0000   -510.7398629   -510.7265034
   1.300000  1.200000  150.0000   -511.1704570   -511.1571312
   1.300000  1.300000  150.0000   -511.3075895   -511.2942652
   1.300000  1.400000  150.0000   -511.3763962   -511.3630645
   1.300000  1.500000  150.0000   -511.4034557   -511.3901077
   1.300000  1.558600  150.0000   -511.4069946   -511.3936324
   1.300000  1.600000  150.0000   -511.4057361   -511.3923613
   1.300000  1.700000  150.0000   -511.3940685   -511.3806538
   1.300000  1.850000  150.0000   -511.3647975   -511.3512953
   1.300000  2.000000  150.0000   -511.3326861   -511.3190731
   1.300000  2.150000  150.0000   -511.3043727   -511.2906591
   1.300000  2.300000  150.0000   -511.2826197   -511.2688377
   1.300000  2.500000  150.0000   -511.2639861   -511.2501498
   1.400000  0.900000  150.0000   -509.7997371   -509.7861971
   1.400000  1.050000  150.0000   -510.7192275   -510.7057918
   1.400000  1.200000  150.0000   -511.1447847   -511.1313760
   1.400000  1.300000  150.0000   -511.2790516   -511.2656425
   1.400000  1.400000  150.0000   -511.3453876   -511.3319702
   1.400000  1.500000  150.0000   -511.3703366   -511.3569023
   1.400000  1.558600  150.0000   -511.3727828   -511.3593339
   1.400000  1.600000  150.0000   -511.3708064   -511.3573446
   1.400000  1.700000  150.0000   -511.3575510   -511.3440483
   1.400000  1.850000  150.0000   -511.3261308   -511.3125356
   1.400000  2.000000  150.0000   -511.2919551   -511.2782356
   1.400000  2.150000  150.0000   -511.2616381   -511.2478006
   1.400000  2.300000  150.0000   -511.2381969   -511.2242816
   1.400000  2.500000  150.0000   -511.2183588   -511.2043880
   1.600000  0.900000  150.0000   -509.7517435   -509.7381174
   1.600000  1.050000  150.0000   -510.6631188   -510.6495646
   1.600000  1.200000  150.0000   -511.0814703   -511.0679197
   1.600000  1.300000  150.0000   -511.2116081   -511.1980425
   1.600000  1.400000  150.0000   -511.2744049   -511.2608161
   1.600000  1.500000  150.0000   -511.2963778   -511.2827567
   1.600000  1.558600  150.0000   -511.2973098   -511.2836648
   1.600000  1.600000  150.0000   -511.2943575   -511.2806933
   1.600000  1.700000  150.0000   -511.2790012   -511.2652813
   1.600000  1.850000  150.0000   -511.2448667   -511.2310333
   1.600000  2.000000  150.0000   -511.2080836   -511.1940962
   1.600000  2.150000  150.0000   -511.1749674   -511.1608185
   1.600000  2.300000  150.0000   -511.1485671   -511.1343115
   1.600000  2.500000  150.0000   -511.1258350   -511.1115213
   1.800000  0.900000  150.0000   -509.7033102   -509.6896588
   1.800000  1.050000  150.0000   -510.6103641   -510.5967711
   1.800000  1.200000  150.0000   -511.0243195   -511.0107122
   1.800000  1.300000  150.0000   -511.1518258   -511.1381866
   1.800000  1.400000  150.0000   -511.2123530   -511.1986704
   1.800000  1.500000  150.0000   -511.2324495   -511.2187122
   1.800000  1.558600  150.0000   -511.2324722   -511.2186970
   1.800000  1.600000  150.0000   -511.2289569   -511.2151521
   1.800000  1.700000  150.0000   -511.2125123   -511.1986255
   1.800000  1.850000  150.0000   -511.1774483   -511.1634041
   1.800000  2.000000  150.0000   -511.1404355   -511.1261760
   1.800000  2.150000  150.0000   -511.1075007   -511.0929722
   1.800000  2.300000  150.0000   -511.0811092   -511.0663513
   1.800000  2.500000  150.0000   -511.0571677   -511.0422809
   0.800000  0.900000  160.0000   -509.0863859   -509.0734267
   0.800000  1.050000  160.0000   -510.0599468   -510.0470322
   0.800000  1.200000  160.0000   -510.5307096   -510.5177829
   0.800000  1.300000  160.0000   -510.6908045   -510.6778571
   0.800000  1.400000  160.0000   -510.7795727   -510.7666028
   0.800000  1.500000  160.0000   -510.8238723   -510.8108791
   0.800000  1.558600  160.0000   -510.8364029   -510.8233949
   0.800000  1.600000  160.0000   -510.8410596   -510.8280406
   0.800000  1.700000  160.0000   -510.8423323   -510.8292844
   0.800000  1.850000  160.0000   -510.8293385   -510.8162417
   0.800000  2.000000  160.0000   -510.8099105   -510.7967627
   0.800000  2.150000  160.0000   -510.7904098   -510.7772141
   0.800000  2.300000  160.0000   -510.7733976   -510.7601594
   0.800000  2.500000  160.0000   -510.7558587   -510.7425721
   0.900000  0.900000  160.0000   -509.5024225   -509.4893302
   0.900000  1.050000  160.0000   -510.4611015   -510.4481015
   0.900000  1.200000  160.0000   -510.9200779   -510.9070859
   0.900000  1.300000  160.0000   -511.0735261   -511.0605191
   0.900000  1.400000  160.0000   -511.1565243   -511.1434970
   0.900000  1.500000  160.0000   -511.1958626   -511.1828114
   0.900000  1.558600  160.0000   -511.2058310   -511.1927638
   0.900000  1.600000  160.0000   -511.2088200   -511.1957405
   0.900000  1.700000  160.0000   -511.2065464   -511.1934335
   0.900000  1.850000  160.0000   -511.1894365   -511.1762659
   0.900000  2.000000  160.0000   -511.1672579   -511.1540276
   0.900000  2.150000  160.0000   -511.1461968   -511.1329124
   0.900000  2.300000  160.0000   -511.1285610   -511.1152311
   0.900000  2.500000  160.0000   -511.1110925   -511.0977130
   1.000000  0.900000  160.0000   -509.7118022   -509.6985947
   1.000000  1.050000  160.0000   -510.6579664   -510.6448765
   1.000000  1.200000  160.0000   -511.1066361   -511.0935692
   1.000000  1.300000  160.0000   -511.2541670   -511.2410915
   1.000000  1.400000  160.0000   -511.3319784   -511.3188863
   1.000000  1.500000  160.0000   -511.3667845   -511.3536699
   1.000000  1.558600  160.0000   -511.3743698   -511.3612388
   1.000000  1.600000  160.0000   -511.3757863   -511.3626422
   1.000000  1.700000  160.0000   -511.3700717   -511.3568907
   1.000000  1.850000  160.0000   -511.3487160   -511.3354677
   1.000000  2.000000  160.0000   -511.3234256   -511.3101059
   1.000000  2.150000  160.0000   -511.3004048   -511.2870226
   1.000000  2.300000  160.0000   -511.2818242   -511.2683926
   1.000000  2.500000  160.0000   -511.2641766   -511.2506944
   1.070000  0.900000  160.0000   -509.7867585   -509.7734814
   1.070000  1.050000  160.0000   -510.7255317   -510.7123790
   1.070000  1.200000  160.0000   -511.1680157   -511.1548925
   1.070000  1.300000  160.0000   -511.3119815   -511.2988536
   1.070000  1.400000  160.0000   -511.3866564   -511.3735149
   1.070000  1.500000  160.0000   -511.4187091   -511.4055467
   1.070000  1.558600  160.0000   -511.4248350   -511.4116565
   1.070000  1.600000  160.0000   -511.4252811   -511.4120894
   1.070000  1.700000  160.0000   -511.4174081   -511.4041778
   1.070000  1.850000  160.0000   -511.3932648   -511.3799608
   1.070000  2.000000  160.0000   -511.3657643   -511.3523797
   1.070000  2.150000  160.0000   -511.3412155   -511.3277610
   1.070000  2.300000  160.0000   -511.3218079   -511.3083005
   1.070000  2.500000  160.0000   -511.3038922   -511.2903337
   1.164700  0.900000  160.0000   -509.8327575   -509.8193981
   1.164700  1.050000  160.0000   -510.7631429   -510.7499071
   1.164700  1.200000  160.0000   -511.1985572   -511.1853547
   1.164700  1.300000  160.0000   -511.3384499   -511.3252463
   1.164700  1.400000  160.0000   -511.4095515   -511.3963377
   1.164700  1.500000  160.0000   -511.4384762   -511.4252440
   1.164700  1.558600  160.0000   -511.4429444   -511.4296969
   1.164700  1.600000  160.0000   -511.4422863   -511.4290258
   1.164700  1.700000  160.0000   -511.4319361   -511.4186358
   1.164700  1.850000  160.0000   -511.4044864   -511.3911049
   1.164700  2.000000  160.0000   -511.3741721   -511.3606965
   1.164700  2.150000  160.0000   -511.3474847   -511.3339272
   1.164700  2.300000  160.0000   -511.3267830   -511.3131673
   1.164700  2.500000  160.0000   -511.3083174   -511.2946501
   1.250000  0.900000  160.0000   -509.8413040   -509.8278794
   1.250000  1.050000  160.0000   -510.7655230   -510.7522145
   1.250000  1.200000  160.0000   -511.1957127   -511.1824370
   1.250000  1.300000  160.0000   -511.3326051   -511.3193299
   1.250000  1.400000  160.0000   -511.4010926   -511.3878092
   1.250000  1.500000  160.0000   -511.4277496   -511.4144496
   1.250000  1.558600  160.0000   -511.4310244   -511.4177098
   1.250000  1.600000  160.0000   -511.4295735   -511.4162462
   1.250000  1.700000  160.0000   -511.4174427   -511.4040751
   1.250000  1.850000  160.0000   -511.3875628   -511.3741084
   1.250000  2.000000  160.0000   -511.3550333   -511.3414725
   1.250000  2.150000  160.0000   -511.3264751   -511.3128199
   1.250000  2.300000  160.0000   -511.3044908   -511.2907715
   1.250000  2.500000  160.0000   -511.2853510   -511.2715798
   1.300000  0.900000  160.0000   -509.8375702   -509.8241103
   1.300000  1.050000  160.0000   -510.7587116   -510.7453618
   1.300000  1.200000  160.0000   -511.1862787   -511.1729600
   1.300000  1.300000  160.0000   -511.3216696   -511.3083514
   1.300000  1.400000  160.0000   -511.3888571   -511.3755312
   1.300000  1.500000  160.0000   -511.4143973   -511.4010552
   1.300000  1.558600  160.0000   -511.4170897   -511.4037334
   1.300000  1.600000  160.0000   -511.4152539   -511.4018849
   1.300000  1.700000  160.0000   -511.4022630   -511.3888536
   1.300000  1.850000  160.0000   -511.3712021   -511.3577032
   1.300000  2.000000  160.0000   -511.3375489   -511.3239363
   1.300000  2.150000  160.0000   -511.3079634   -511.2942484
   1.300000  2.300000  160.0000   -511.2852020   -511.2714190
   1.300000  2.500000  160.0000   -511.2655932   -511.2517582
   1.400000  0.900000  160.0000   -509.8189382   -509.8054123
   1.400000  1.050000  160.0000   -510.7349669   -510.7215378
   1.400000  1.200000  160.0000   -511.1581206   -511.1447163
   1.400000  1.300000  160.0000   -511.2909870   -511.2775814
   1.400000  1.400000  160.0000   -511.3560038   -511.3425894
   1.400000  1.500000  160.0000   -511.3796997   -511.3662685
   1.400000  1.558600  160.0000   -511.3814421   -511.3679961
   1.400000  1.600000  160.0000   -511.3789836   -511.3655247
   1.400000  1.700000  160.0000   -511.3646174   -511.3511169
   1.400000  1.850000  160.0000   -511.3316834   -511.3180883
   1.400000  2.000000  160.0000   -511.2961889   -511.2824667
   1.400000  2.150000  160.0000   -511.2647778   -511.2509359
   1.400000  2.300000  160.0000   -511.2404694   -511.2265504
   1.400000  2.500000  160.0000   -511.2197797   -511.2058085
   1.600000  0.900000  160.0000   -509.7643555   -509.7507258
   1.600000  1.050000  160.0000   -510.6736159   -510.6600562
   1.600000  1.200000  160.0000   -511.0905589   -511.0770026
   1.600000  1.300000  160.0000   -511.2198409   -511.2062694
   1.600000  1.400000  160.0000   -511.2817962   -511.2682016
   1.600000  1.500000  160.0000   -511.3029380   -511.2893114
   1.600000  1.558600  160.0000   -511.3033961   -511.2897459
   1.600000  1.600000  160.0000   -511.3001116   -511.2864422
   1.600000  1.700000  160.0000   -511.2839785   -511.2702530
   1.600000  1.850000  160.0000   -511.2487646   -511.2349236
   1.600000  2.000000  160.0000   -511.2110131   -511.1970150
   1.600000  2.150000  160.0000   -511.1770781   -511.1629161
   1.600000  2.300000  160.0000   -511.1500767   -511.1358090
   1.600000  2.500000  160.0000   -511.1268077   -511.1124880
   1.800000  0.900000  160.0000   -509.7110892   -509.6974205
   1.800000  1.050000  160.0000   -510.6169866   -510.6033772
   1.800000  1.200000  160.0000   -511.0302326   -511.0166098
   1.800000  1.300000  160.0000   -511.1572790   -511.1436248
   1.800000  1.400000  160.0000   -511.2173055   -511.2036086
   1.800000  1.500000  160.0000   -511.2368704   -511.2231194
   1.800000  1.558600  160.0000   -511.2365666   -511.2227781
   1.800000  1.600000  160.0000   -511.2328150   -511.2189970
   1.800000  1.700000  160.0000   -511.2157895   -511.2018896
   1.800000  1.850000  160.0000   -511.1798259   -511.1657675
   1.800000  2.000000  160.0000   -511.1419136   -511.1276378
   1.800000  2.150000  160.0000   -511.1081570   -511.0936101
   1.800000  2.300000  160.0000   -511.0812428   -511.0664664
   1.800000  2.500000  160.0000   -511.0573311   -511.0424301
   0.800000  0.900000  170.0000   -509.1150360   -509.1020599
   0.800000  1.050000  170.0000   -510.0824022   -510.0694823
   0.800000  1.200000  170.0000   -510.5484368   -510.5355124
   0.800000  1.300000  170.0000   -510.7059326   -510.6929901
   0.800000  1.400000  170.0000   -510.7924190   -510.7794559
   0.800000  1.500000  170.0000   -510.8346981   -510.8217127
   0.800000  1.558600  170.0000   -510.8461523   -510.8331525
   0.800000  1.600000  170.0000   -510.8500914   -510.8370807
   0.800000  1.700000  170.0000   -510.8497899   -510.8367498
   0.800000  1.850000  170.0000   -510.8348331   -510.8217423
   0.800000  2.000000  170.0000   -510.8138890   -510.8007450
   0.800000  2.150000  170.0000   -510.7932688   -510.7800752
   0.800000  2.300000  170.0000   -510.7754632   -510.7622265
   0.800000  2.500000  170.0000   -510.7572159   -510.7439307
   0.900000  0.900000  170.0000   -509.5275844   -509.5144869
   0.900000  1.050000  170.0000   -510.4809745   -510.4679720
   0.900000  1.200000  170.0000   -510.9360230   -510.9230328
   0.900000  1.300000  170.0000   -511.0872914   -511.0742881
   0.900000  1.400000  170.0000   -511.1683642   -511.1553422
   0.900000  1.500000  170.0000   -511.2059630   -511.1929183
   0.900000  1.558600  170.0000   -511.2149915   -511.2019313
   0.900000  1.600000  170.0000   -511.2173499   -511.2042775
   0.900000  1.700000  170.0000   -511.2136661   -511.2005603
   0.900000  1.850000  170.0000   -511.1947438   -511.1815788
   0.900000  2.000000  170.0000   -511.1711271   -511.1579002
   0.900000  2.150000  170.0000   -511.1489852   -511.1357028
   0.900000  2.300000  170.0000   -511.1305659   -511.1172375
   0.900000  2.500000  170.0000   -511.1123871   -511.0990092
   1.000000  0.900000  170.0000   -509.7336457   -509.7204393
   1.000000  1.050000  170.0000   -510.6753422   -510.6622515
   1.000000  1.200000  170.0000   -511.1207710   -511.1077053
   1.000000  1.300000  170.0000   -511.2664986   -511.2534255
   1.000000  1.400000  170.0000   -511.3426909   -511.3296027
   1.000000  1.500000  170.0000   -511.3760218   -511.3629124
   1.000000  1.558600  170.0000   -511.3828012   -511.3696760
   1.000000  1.600000  170.0000   -511.3836735   -511.3705354
   1.000000  1.700000  170.0000   -511.3767279   -511.3635531
   1.000000  1.850000  170.0000   -511.3537529   -511.3405096
   1.000000  2.000000  170.0000   -511.3271351   -511.3138187
   1.000000  2.150000  170.0000   -511.3030876   -511.2897072
   1.000000  2.300000  170.0000   -511.2837472   -511.2703169
   1.000000  2.500000  170.0000   -511.2654054   -511.2519247
   1.070000  0.900000  170.0000   -509.8064327   -509.7931581
   1.070000  1.050000  170.0000   -510.7412499   -510.7280970
   1.070000  1.200000  170.0000   -511.1809029   -511.1677806
   1.070000  1.300000  170.0000   -511.3232896   -511.3101635
   1.070000  1.400000  170.0000   -511.3965384   -511.3833999
   1.070000  1.500000  170.0000   -511.4272825   -511.4141243
   1.070000  1.558600  170.0000   -511.4326898   -511.4195162
   1.070000  1.600000  170.0000   -511.4326490   -511.4194624
   1.070000  1.700000  170.0000   -511.4236685   -511.4104436
   1.070000  1.850000  170.0000   -511.3980510   -511.3847516
   1.070000  2.000000  170.0000   -511.3693195   -511.3559378
   1.070000  2.150000  170.0000   -511.3437988   -511.3303458
   1.070000  2.300000  170.0000   -511.3236593   -511.3101530
   1.070000  2.500000  170.0000   -511.3050685   -511.2915114
   1.164700  0.900000  170.0000   -509.8497073   -509.8363515
   1.164700  1.050000  170.0000   -510.7767593   -510.7635234
   1.164700  1.200000  170.0000   -511.2098254   -511.1966232
   1.164700  1.300000  170.0000   -511.3484008   -511.3351982
   1.164700  1.400000  170.0000   -511.4183026   -511.4050907
   1.164700  1.500000  170.0000   -511.4461175   -511.4328882
   1.164700  1.558600  170.0000   -511.4499733   -511.4367293
   1.164700  1.600000  170.0000   -511.4488983   -511.4356417
   1.164700  1.700000  170.0000   -511.4375959   -511.4242999
   1.164700  1.850000  170.0000   -511.4088661   -511.3954883
   1.164700  2.000000  170.0000   -511.3774632   -511.3639897
   1.164700  2.150000  170.0000   -511.3498957   -511.3363390
   1.164700  2.300000  170.0000   -511.3285156   -511.3149005
   1.164700  2.500000  170.0000   -511.3094129   -511.2957467
   1.250000  0.900000  170.0000   -509.8560055   -509.8425851
   1.250000  1.050000  170.0000   -510.7774002   -510.7640913
   1.250000  1.200000  170.0000   -511.2056119   -511.1923359
   1.250000  1.300000  170.0000   -511.3413888   -511.3281136
   1.250000  1.400000  170.0000   -511.4088516   -511.3955690
   1.250000  1.500000  170.0000   -511.4345542   -511.4212559
   1.250000  1.558600  170.0000   -511.4373000   -511.4239877
   1.250000  1.600000  170.0000   -511.4354879   -511.4221633
   1.250000  1.700000  170.0000   -511.4225301   -511.4091656
   1.250000  1.850000  170.0000   -511.3915328   -511.3780809
   1.250000  2.000000  170.0000   -511.3580429   -511.3444830
   1.250000  2.150000  170.0000   -511.3286972   -511.3150416
   1.250000  2.300000  170.0000   -511.3060951   -511.2923755
   1.250000  2.500000  170.0000   -511.2863639   -511.2725935
   1.300000  0.900000  170.0000   -509.8510447   -509.8375891
   1.300000  1.050000  170.0000   -510.7696324   -510.7562818
   1.300000  1.200000  170.0000   -511.1954190   -511.1820996
   1.300000  1.300000  170.0000   -511.3298002   -511.3164816
   1.300000  1.400000  170.0000   -511.3960560   -511.3827302
   1.300000  1.500000  170.0000   -511.4207241   -511.4073831
   1.300000  1.558600  170.0000   -511.4229317   -511.4095770
   1.300000  1.600000  170.0000   -511.4207646   -511.4073975
   1.300000  1.700000  170.0000   -511.4070133   -511.3936063
   1.300000  1.850000  170.0000   -511.3749228   -511.3614256
   1.300000  2.000000  170.0000   -511.3403804   -511.3267680
   1.300000  2.150000  170.0000   -511.3100622   -511.2963460
   1.300000  2.300000  170.0000   -511.2867226   -511.2729388
   1.300000  2.500000  170.0000   -511.2665541   -511.2527196
   1.400000  0.900000  170.0000   -509.8301553   -509.8166329
   1.400000  1.050000  170.0000   -510.7441164   -510.7306855
   1.400000  1.200000  170.0000   -511.1658427   -511.1524370
   1.400000  1.300000  170.0000   -511.2978911   -511.2844840
   1.400000  1.400000  170.0000   -511.3621434   -511.3487279
   1.400000  1.500000  170.0000   -511.3851161   -511.3716845
   1.400000  1.558600  170.0000   -511.3864537   -511.3730079
   1.400000  1.600000  170.0000   -511.3837172   -511.3702587
   1.400000  1.700000  170.0000   -511.3687103   -511.3552104
   1.400000  1.850000  170.0000   -511.3349033   -511.3213081
   1.400000  2.000000  170.0000   -511.2986489   -511.2849250
   1.400000  2.150000  170.0000   -511.2666089   -511.2527640
   1.400000  2.300000  170.0000   -511.2418050   -511.2278837
   1.400000  2.500000  170.0000   -511.2206287   -511.2066573
   1.600000  0.900000  170.0000   -509.7717958   -509.7581629
   1.600000  1.050000  170.0000   -510.6797623   -510.6661970
   1.600000  1.200000  170.0000   -511.0958476   -511.0822860
   1.600000  1.300000  170.0000   -511.2246214   -511.2110446
   1.600000  1.400000  170.0000   -511.2860836   -511.2724841
   1.600000  1.500000  170.0000   -511.3067430   -511.2931122
   1.600000  1.558600  170.0000   -511.3069233   -511.2932692
   1.600000  1.600000  170.0000   -511.3034455   -511.2897724
   1.600000  1.700000  170.0000   -511.2868612   -511.2731319
   1.600000  1.850000  170.0000   -511.2510190   -511.2371731
   1.600000  2.000000  170.0000   -511.2127135   -511.1987088
   1.600000  2.150000  170.0000   -511.1783102   -511.1641404
   1.600000  2.300000  170.0000   -511.1509641   -511.1366893
   1.600000  2.500000  170.0000   -511.1273923   -511.1130688
   1.800000  0.900000  170.0000   -509.7157211   -509.7020426
   1.800000  1.050000  170.0000   -510.6208957   -510.6072763
   1.800000  1.200000  170.0000   -511.0336924   -511.0200598
   1.800000  1.300000  170.0000   -511.1604557   -511.1467920
   1.800000  1.400000  170.0000   -511.2201891   -511.2064831
   1.800000  1.500000  170.0000   -511.2394334   -511.2256738
   1.800000  1.558600  170.0000   -511.2389407   -511.2251437
   1.800000  1.600000  170.0000   -511.2350528   -511.2212265
   1.800000  1.700000  170.0000   -511.2176892   -511.2037810
   1.800000  1.850000  170.0000   -511.1812007   -511.1671335
   1.800000  2.000000  170.0000   -511.1427744   -511.1284887
   1.800000  2.150000  170.0000   -511.1085416   -511.0939845
   1.800000  2.300000  170.0000   -511.0813219   -511.0665359
   1.800000  2.500000  170.0000   -511.0574120   -511.0425039
   0.800000  0.900000  179.9999   -509.1244755   -509.1114940
   0.800000  1.050000  179.9999   -510.0897599   -510.0768374
   0.800000  1.200000  179.9999   -510.5542480   -510.5413237
   0.800000  1.300000  179.9999   -510.7108966   -510.6979552
   0.800000  1.400000  179.9999   -510.7966401   -510.7836788
   0.800000  1.500000  179.9999   -510.8382610   -510.8252780
   0.800000  1.558600  179.9999   -510.8493644   -510.8363673
   0.800000  1.600000  179.9999   -510.8530702   -510.8400622
   0.800000  1.700000  179.9999   -510.8522537   -510.8392162
   0.800000  1.850000  179.9999   -510.8366446   -510.8235559
   0.800000  2.000000  179.9999   -510.8152118   -510.8020690
   0.800000  2.150000  179.9999   -510.7942237   -510.7810307
   0.800000  2.300000  179.9999   -510.7761554   -510.7629190
   0.800000  2.500000  179.9999   -510.7576607   -510.7443758
   0.900000  0.900000  179.9999   -509.5358434   -509.5227441
   0.900000  1.050000  179.9999   -510.4874745   -510.4744703
   0.900000  1.200000  179.9999   -510.9412383   -510.9282479
   0.900000  1.300000  179.9999   -511.0918000   -511.0787973
   0.900000  1.400000  179.9999   -511.1722375   -511.1592167
   0.900000  1.500000  179.9999   -511.2092796   -511.1962369
   0.900000  1.558600  179.9999   -511.2180022   -511.2049442
   0.900000  1.600000  179.9999   -511.2201555   -511.2070854
   0.900000  1.700000  179.9999   -511.2160121   -511.2029086
   0.900000  1.850000  179.9999   -511.1964976   -511.1833345
   0.900000  2.000000  179.9999   -511.1724092   -511.1591835
   0.900000  2.150000  179.9999   -511.1499118   -511.1366301
   0.900000  2.300000  179.9999   -511.1312336   -511.1179056
   0.900000  2.500000  179.9999   -511.1128197   -511.0994422
   1.000000  0.900000  179.9999   -509.7408069   -509.7275997
   1.000000  1.050000  179.9999   -510.6810208   -510.6679288
   1.000000  1.200000  179.9999   -511.1253886   -511.1123224
   1.000000  1.300000  179.9999   -511.2705307   -511.2574577
   1.000000  1.400000  179.9999   -511.3461976   -511.3331102
   1.000000  1.500000  179.9999   -511.3790497   -511.3659416
   1.000000  1.558600  179.9999   -511.3855672   -511.3724436
   1.000000  1.600000  179.9999   -511.3862626   -511.3731264
   1.000000  1.700000  179.9999   -511.3789170   -511.3657441
   1.000000  1.850000  179.9999   -511.3554143   -511.3421727
   1.000000  2.000000  179.9999   -511.3283622   -511.3150469
   1.000000  2.150000  179.9999   -511.3039775   -511.2905978
   1.000000  2.300000  179.9999   -511.2843867   -511.2709568
   1.000000  2.500000  179.9999   -511.2658158   -511.2523355
   1.070000  0.900000  179.9999   -509.8128829   -509.7996073
   1.070000  1.050000  179.9999   -510.7463871   -510.7332328
   1.070000  1.200000  179.9999   -511.1851115   -511.1719886
   1.070000  1.300000  179.9999   -511.3269849   -511.3138586
   1.070000  1.400000  179.9999   -511.3997709   -511.3866328
   1.070000  1.500000  179.9999   -511.4300904   -511.4169332
   1.070000  1.558600  179.9999   -511.4352644   -511.4220921
   1.070000  1.600000  179.9999   -511.4350655   -511.4218804
   1.070000  1.700000  179.9999   -511.4257252   -511.4125020
   1.070000  1.850000  179.9999   -511.3996281   -511.3863302
   1.070000  2.000000  179.9999   -511.3704942   -511.3571135
   1.070000  2.150000  179.9999   -511.3446546   -511.3312021
   1.070000  2.300000  179.9999   -511.3242744   -511.3107685
   1.070000  2.500000  179.9999   -511.3054610   -511.2919042
   1.164700  0.900000  179.9999   -509.8552652   -509.8419085
   1.164700  1.050000  179.9999   -510.7812132   -510.7679758
   1.164700  1.200000  179.9999   -511.2135066   -511.2003035
   1.164700  1.300000  179.9999   -511.3516526   -511.3384494
   1.164700  1.400000  179.9999   -511.4211645   -511.4079524
   1.164700  1.500000  179.9999   -511.4486189   -511.4353901
   1.164700  1.558600  179.9999   -511.4522757   -511.4390325
   1.164700  1.600000  179.9999   -511.4510654   -511.4378098
   1.164700  1.700000  179.9999   -511.4394536   -511.4261589
   1.164700  1.850000  179.9999   -511.4103074   -511.3969308
   1.164700  2.000000  179.9999   -511.3785487   -511.3650760
   1.164700  2.150000  179.9999   -511.3506929   -511.3371365
   1.164700  2.300000  179.9999   -511.3290903   -511.3154753
   1.164700  2.500000  179.9999   -511.3097779   -511.2961121
   1.250000  0.900000  179.9999   -509.8608291   -509.8474085
   1.250000  1.050000  179.9999   -510.7812834   -510.7679729
   1.250000  1.200000  179.9999   -511.2088488   -511.1955716
   1.250000  1.300000  179.9999   -511.3442609   -511.3309849
   1.250000  1.400000  179.9999   -511.4113901   -511.3981069
   1.250000  1.500000  179.9999   -511.4367822   -511.4234839
   1.250000  1.558600  179.9999   -511.4393557   -511.4260438
   1.250000  1.600000  179.9999   -511.4374261   -511.4241020
   1.250000  1.700000  179.9999   -511.4241995   -511.4108359
   1.250000  1.850000  179.9999   -511.3928380   -511.3793871
   1.250000  2.000000  179.9999   -511.3590342   -511.3454747
   1.250000  2.150000  179.9999   -511.3294303   -511.3157746
   1.250000  2.300000  179.9999   -511.3066263   -511.2929066
   1.250000  2.500000  179.9999   -511.2867013   -511.2729311
   1.300000  0.900000  179.9999   -509.8554694   -509.8420138
   1.300000  1.050000  179.9999   -510.7732057   -510.7598534
   1.300000  1.200000  179.9999   -511.1984096   -511.1850889
   1.300000  1.300000  179.9999   -511.3324603   -511.3191406
   1.300000  1.400000  179.9999   -511.3984119   -511.3850855
   1.300000  1.500000  179.9999   -511.4227960   -511.4094549
   1.300000  1.558600  179.9999   -511.4248457   -511.4114912
   1.300000  1.600000  179.9999   -511.4225705   -511.4092038
   1.300000  1.700000  179.9999   -511.4085719   -511.3951655
   1.300000  1.850000  179.9999   -511.3761453   -511.3626487
   1.300000  2.000000  179.9999   -511.3413119   -511.3276996
   1.300000  2.150000  179.9999   -511.3107537   -511.2970372
   1.300000  2.300000  179.9999   -511.2872256   -511.2734413
   1.300000  2.500000  179.9999   -511.2668741   -511.2530397
   1.400000  0.900000  179.9999   -509.8338450   -509.8203229
   1.400000  1.050000  179.9999   -510.7471153   -510.7336826
   1.400000  1.200000  179.9999   -511.1683728   -511.1549656
   1.400000  1.300000  179.9999   -511.3001522   -511.2867438
   1.400000  1.400000  179.9999   -511.3641545   -511.3507380
   1.400000  1.500000  179.9999   -511.3868912   -511.3734591
   1.400000  1.558600  179.9999   -511.3880962   -511.3746501
   1.400000  1.600000  179.9999   -511.3852689   -511.3718103
   1.400000  1.700000  179.9999   -511.3700527   -511.3565530
   1.400000  1.850000  179.9999   -511.3359598   -511.3223645
   1.400000  2.000000  179.9999   -511.2994566   -511.2857321
   1.400000  2.150000  179.9999   -511.2672110   -511.2533652
   1.400000  2.300000  179.9999   -511.2422460   -511.2283238
   1.400000  2.500000  179.9999   -511.2209112   -511.2069396
   1.600000  0.900000  179.9999   -509.7742549   -509.7606208
   1.600000  1.050000  179.9999   -510.6817881   -510.6682204
   1.600000  1.200000  179.9999   -511.0975855   -511.0840217
   1.600000  1.300000  179.9999   -511.2261909   -511.2126120
   1.600000  1.400000  179.9999   -511.2874908   -511.2738894
   1.600000  1.500000  179.9999   -511.3079916   -511.2943593
   1.600000  1.558600  179.9999   -511.3080804   -511.2944249
   1.600000  1.600000  179.9999   -511.3045396   -511.2908651
   1.600000  1.700000  179.9999   -511.2878060   -511.2740754
   1.600000  1.850000  179.9999   -511.2517567   -511.2379090
   1.600000  2.000000  179.9999   -511.2132684   -511.1992614
   1.600000  2.150000  179.9999   -511.1787130   -511.1645406
   1.600000  2.300000  179.9999   -511.1512608   -511.1369837
   1.600000  2.500000  179.9999   -511.1275824   -511.1132579
   1.800000  0.900000  179.9999   -509.7172591   -509.7035774
   1.800000  1.050000  179.9999   -510.6221869   -510.6085640
   1.800000  1.200000  179.9999   -511.0348313   -511.0211955
   1.800000  1.300000  179.9999   -511.1615000   -511.1478331
   1.800000  1.400000  179.9999   -511.2211353   -511.2074262
   1.800000  1.500000  179.9999   -511.2402735   -511.2265110
   1.800000  1.558600  179.9999   -511.2397165   -511.2259167
   1.800000  1.600000  179.9999   -511.2357829   -511.2219538
   1.800000  1.700000  179.9999   -511.2183081   -511.2043970
   1.800000  1.850000  179.9999   -511.1816538   -511.1675834
   1.800000  2.000000  179.9999   -511.1430567   -511.1287676
   1.800000  2.150000  179.9999   -511.1086680   -511.0941077
   1.800000  2.300000  179.9999   -511.0813485   -511.0665597
   1.800000  2.500000  179.9999   -511.0574374   -511.0425273
