  2.21633952759457201E-002
  1.40771002228729878E-002
  3.35353088445442069E-003
  3.69465034951090565E-002
 -2.33449698542464480E-002
 -5.56017745964874043E-003
 -4.69756917093335780E-002
  2.93568999503199014E-002
  6.98973570251329359E-003
  6.03834424947692142E-002
 -3.72017727109426252E-002
 -8.85371824799950635E-003
 -7.48207462951772512E-002
  4.53052831476842208E-002
  1.07765681713261098E-002
  9.38328878353582030E-002
 -5.57637085554721773E-002
 -1.32566090572102703E-002
 -0.11188572911898380     
  6.51097908102048761E-002
  1.54683418364052732E-002
  0.13174766720089010     
 -7.48421744779228376E-002
 -1.77670860973136793E-002
 -0.14998307239232553     
  8.29564100596260207E-002
  1.96767540824309625E-002
  0.16638386039499761     
 -8.91439332105902482E-002
 -2.11228842446009174E-002
 -0.17499745893706189     
  9.02581985643176321E-002
  2.13604786014937320E-002
  0.19375584330580625     
 -9.57054176029100284E-002
 -2.26171219329813107E-002
 -0.20491123882246362     
  9.64697210945609923E-002
  2.27605418597435737E-002
  0.21311516719555273     
 -9.49059717139099368E-002
 -2.23480672949233281E-002
 -0.21996862363118463     
  9.17310368380936381E-002
  2.15489783381436206E-002
  0.22914102186668819     
 -8.89118588837454482E-002
 -2.08296281929373495E-002
 -0.23635768655028638     
  8.41624965064445424E-002
  1.96492341217420485E-002
  0.23820493178450491     
 -7.68647299338985207E-002
 -1.78699244548391964E-002
 -0.23668824893565596     
  6.79975207865022857E-002
  1.57232189627712245E-002
  0.23238543425476657     
 -5.74616176337847326E-002
 -1.31836990856233800E-002
 -0.22114902139859688     
  4.45091859215826294E-002
  1.00840914262711797E-002
  0.20744659642181706     
 -3.08760205082406688E-002
 -6.83111251581507237E-003
 -0.19540198346430238     
  1.68736373312115481E-002
  3.48807825119454339E-003
  0.18431462112392291     
 -2.79755177460501046E-003
 -1.29135745195993403E-004
 -0.17234972450652708     
 -1.14525528883511925E-002
 -3.26374131017604817E-003
  0.16588569883562027     
  2.55206393899889035E-002
  6.62318149299447653E-003
 -0.16097782202299091     
 -3.98051708777594007E-002
 -1.00324198071778965E-002
  0.15674067610750764     
  5.40774253013212719E-002
  1.34328560965275828E-002
 -0.14772620446590365     
 -6.60038407739849259E-002
 -1.62481053277096082E-002
  0.13748380946435229     
  7.70498529210679739E-002
  1.88391819688759551E-002
 -0.12836240567966103     
 -8.78899622722331686E-002
 -2.13746221100663929E-002
  0.11842127612755524     
  9.71054551798938986E-002
  2.35097045323718994E-002
 -0.10824196486573934     
 -0.10516525932943811     
 -2.53579475091929678E-002
  9.62471765736626628E-002
  0.11076153311968802     
  2.66025056978355656E-002
 -8.86678927868682631E-002
 -0.12027312337508934     
 -2.87795897881456160E-002
  8.15705552176351906E-002
  0.12854457852433224     
  3.06551094264217831E-002
 -7.59543372500800784E-002
 -0.13814877953671401     
 -3.28380225519089297E-002
  6.85215813538114366E-002
  0.14337928471400069     
  3.39698060896577447E-002
 -6.30851553892048389E-002
 -0.15083396305138116     
 -3.56214317163703956E-002
  5.89035729375936706E-002
  0.15989863842643290     
  3.76423008655195762E-002
 -5.52376316652284094E-002
 -0.16867261128891070     
 -3.95844390748301272E-002
  5.20660577230620744E-002
  0.17795091144528938     
  4.16288572223723688E-002
 -4.95980638605967930E-002
 -0.18807395229946963     
 -4.38564908252165320E-002
  4.73787281211396002E-002
  0.19697262751714711     
  4.57872019202083605E-002
 -4.38555278342458166E-002
 -0.19801974211222001     
 -4.58831173257679206E-002
  4.04834947520011090E-002
  0.19796914532765642     
  4.57094758254009761E-002
 -3.72079123607169035E-002
 -0.19648777765658063     
 -4.51911879247563972E-002
  3.49119244009654106E-002
  0.19837918984250522     
  4.54330224688947182E-002
 -3.20712000706424721E-002
 -0.19498527413827585     
 -4.44538014634751275E-002
  2.91414729629652855E-002
  0.18944234888485248     
  4.29655314357369825E-002
 -2.66446626036059390E-002
 -0.18472529231926219     
 -4.16527822992617605E-002
  2.43054037693270115E-002
  0.17926896692434158     
  4.01598237595785432E-002
 -2.23939956773223994E-002
 -0.17524787979748921     
 -3.89733887798291989E-002
  2.04270300144630511E-002
  0.16875098942957922     
  3.72325717608969903E-002
 -1.83177145906264528E-002
 -0.15952458408926967     
 -3.48733345728962502E-002
  1.65170625013310833E-002
  0.15124558041079764     
  3.27165106107193127E-002
 -1.43414701031025181E-002
 -0.13820081619981983     
 -2.95093238034282966E-002
  1.27188021227953429E-002
  0.12908800890889571     
  2.71316957419853906E-002
 -1.15690828722824161E-002
 -0.12358423801171260     
 -2.54941679933101441E-002
  1.03673881455754475E-002
  0.11613138525846359     
  2.34560741469103141E-002
 -9.22105722363212622E-003
 -0.10797746184785294     
 -2.12837488580246564E-002
  8.13503653487130177E-003
  9.95091162975618865E-002
  1.90353220175722045E-002
 -7.22632649044920895E-003
 -9.22637789612302528E-002
 -1.70049868306229590E-002
  6.40170998437187937E-003
  8.51892140330487158E-002
  1.49916263546625052E-002
 -5.44001858922923791E-003
 -7.54243183197680772E-002
 -1.24948492145824461E-002
  4.73774518788214888E-003
  6.84323882328045086E-002
  1.04640811785401307E-002
 -4.13167576076466266E-003
 -6.21467394011203655E-002
 -8.52803996674774203E-003
  3.50687146814285646E-003
  5.49348165689042753E-002
  6.45936219109148786E-003
 -3.03807686263803719E-003
 -4.95514624548038726E-002
 -4.62751009147750574E-003
  2.63770701342780660E-003
  4.47667785874467788E-002
  2.85595127444536077E-003
 -2.27234748182914437E-003
 -4.01202599392096321E-002
 -1.09002896703885377E-003
  1.87920454843112407E-003
  3.45674111935930020E-002
 -6.95817996713798677E-004
 -1.57440621312934770E-003
 -3.02807803709057993E-002
  2.49922878157454427E-003
  1.28956838802047713E-003
  2.60457119315966740E-002
 -4.26535016116676158E-003
 -1.08232250433371816E-003
 -2.30930904410724114E-002
  6.19238587180126823E-003
  9.13723540146830116E-004
  2.07727495351482279E-002
 -8.36129872773875779E-003
 -7.66891186071757083E-004
 -1.87712627084901142E-002
  1.07346810228403210E-002
  6.37668473622116550E-004
  1.69920619608296027E-002
 -1.31940764627384959E-002
 -5.45949989395012208E-004
 -1.60260458410506276E-002
  1.62480830875855221E-002
  4.67837658399363322E-004
  1.53553863683352637E-002
 -1.97463977068732775E-002
 -3.93589261255765464E-004
 -1.46115531250063917E-002
  2.30468375743480731E-002
  3.36275793586784911E-004
  1.43551474605942957E-002
 -2.71298314542817547E-002
 -2.83511862961676039E-004
 -1.41360781339439807E-002
  3.12551843458267614E-002
  2.40465580289384208E-004
  1.42145143198711289E-002
 -3.59436426601241060E-002
 -2.03595034029133479E-004
 -1.44939615901302533E-002
  4.10918867735498919E-002
  1.76903973304648639E-004
  1.53730768925970183E-002
 -4.79590875154509710E-002
 -1.55740484498852248E-004
 -1.66493418371827205E-002
  5.61473131545783960E-002
  1.34117484173240078E-004
  1.77213904873780824E-002
 -6.36482936873262461E-002
 -1.14130414161618446E-004
 -1.88725006456906298E-002
  7.14583288757813795E-002
  9.74563220379826082E-005
  2.03494199618830529E-002
 -8.04599503301949015E-002
 -8.65109304957074866E-005
 -2.27469908713052379E-002
  9.30345818550926129E-002
  7.58304205464719792E-005
  2.50376771746780302E-002
 -0.10517445366430757     
 -6.67045060398399451E-005
 -2.74949543874592021E-002
  0.11794262301414778     
  6.13006715846939023E-005
  3.11007027634396561E-002
 -0.13556251284363313     
 -5.88945179699589796E-005
 -3.62063407040149957E-002
  0.15976922668101945     
  5.81521888819279628E-005
  4.19256747807985539E-002
 -0.18662621225081361     
 -5.69545422966583683E-005
 -4.69194017976059738E-002
  0.21020424422215989     
  5.60535364503890476E-005
  5.15826686209696975E-002
 -0.23221865060020627     
 -5.67805242248737172E-005
 -5.71409186329451674E-002
  0.25817689752523210     
  5.64572160601332907E-005
  6.11177064507846951E-002
 -0.27692132957255450     
 -5.37103610720873149E-005
 -6.18032261725985355E-002
  0.28066119899787101     
  5.13221969075723609E-005
  6.21516930257262762E-002
 -0.28276464791787692     
 -4.88449107773887171E-005
 -6.17072310630460211E-002
  0.28116514196945508     
  4.37884512893720303E-005
  5.74896268225287138E-002
 -0.26230550442443762     
 -3.89256377177339574E-005
 -5.29509800373018924E-002
  0.24190244671674010     
  3.41159878193379322E-005
  4.79454860940175878E-002
 -0.21929266379291698     
 -2.79490920194187364E-005
 -4.05566649034302604E-002
  0.18571710165243427     
  2.29294083635008042E-005
  3.44295998567004241E-002
 -0.15786452973791881     
 -1.88995721408966373E-005
 -2.94448185970563846E-002
  0.13520278514161851     
  1.56194668819377677E-005
  2.52958312332242571E-002
 -0.11633193990645041     
 -1.33565140803070615E-005
 -2.25240680449536115E-002
  0.10375701877737825     
  1.13021630561475445E-005
  1.98773074601914096E-002
 -9.17268210313413462E-002
 -9.33977583977326829E-006
 -1.71967978691037297E-002
  7.95144343102263118E-002
  7.67726836793938694E-006
  1.49005538358790070E-002
 -6.90563358204926148E-002
 -6.45210953979197793E-006
 -1.32883851177241514E-002
  6.17451948724072192E-002
  5.48571765636278203E-006
  1.20612109605758196E-002
 -5.62017727707969650E-002
 -4.88657979225467857E-006
 -1.14995428865538856E-002
  5.37385280505132124E-002
  4.45145065169071333E-006
  1.12243194817803517E-002
 -5.26009502096723772E-002
 -4.08704141062335873E-006
 -1.10111417902249743E-002
  5.17378431260175561E-002
  3.79696357399726708E-006
  1.08815282253246232E-002
 -5.12508581986048303E-002
 -3.49866881831236100E-006
 -1.06106780823624590E-002
  5.00818657345344573E-002
  3.11622997828401102E-006
  9.96487963576654125E-003
 -4.71258140659123123E-002
 -2.91888899150228133E-006
 -9.80378340277887443E-003
  4.64466095001304646E-002
  2.70104253903568666E-006
  9.47052045246790479E-003
 -4.49369188719085585E-002
 -2.39698203823034166E-006
 -8.73357291603098392E-003
  4.14971259003861018E-002
  2.05861707611358730E-006
  7.77678153233111926E-003
 -3.69989400638321281E-002
 -1.75059395475281631E-006
 -6.85522512833833860E-003
  3.26568731206919455E-002
  1.51054706089619094E-006
  6.14211936445194576E-003
 -2.92997627413363500E-002
 -1.28946548422744999E-006
 -5.45917574266783969E-003
  2.60802105008119539E-002
  1.11874931018943566E-006
  4.93803441984486547E-003
 -2.36263926529626626E-002
 -9.52989815838566141E-007
 -4.39038736597841418E-003
  2.10388934102553118E-002
  8.24452690718122703E-007
  3.97675062815109649E-003
 -1.90884725526616027E-002
 -7.29380792416984842E-007
 -3.67256138997063735E-003
  1.76556422767918074E-002
  6.26475349397994734E-007
  3.28926673305776022E-003
 -1.58367497932143352E-002
 -5.51034034410948517E-007
 -3.01499777017354923E-003
  1.45376600413283721E-002
  4.69170241241486432E-007
  2.67402251446140563E-003
 -1.29123371504878195E-002
 -4.07371591093468102E-007
 -2.42217695497005774E-003
  1.17138076517322443E-002
  3.56992989756917971E-007
  2.21110761572472503E-003
 -1.07084805747330539E-002
 -3.13868208327507462E-007
 -2.02219285548058819E-003
  9.80713119128818860E-003
  2.74787904276035657E-007
  1.84102015537428512E-003
 -8.94072445289326861E-003
 -2.34860647241954688E-007
 -1.63609565947067832E-003
  7.95636899137295260E-003
  1.99330111135011656E-007
  1.44279051246508925E-003
 -7.02570460642881756E-003
 -1.69749625786822600E-007
 -1.27658840418184419E-003
  6.22466254108093239E-003
  1.44175850591756505E-007
  1.12767804184127980E-003
 -5.50606375375642214E-003
 -1.24046267659259600E-007
 -1.00926116762643813E-003
  4.93457269887478088E-003
  1.08423950238966162E-007
  9.16581436713158771E-004
 -4.48730012123373101E-003
 -9.34365432560312739E-008
 -8.19313902103584006E-004
  4.01608917099628530E-003
  8.07778518589954737E-008
  7.33126273007880911E-004
 -3.59778960343037349E-003
 -7.05431913466389591E-008
 -6.61949879317976181E-004
  3.25212658188585345E-003
  6.26413623416297631E-008
  6.07162437343650835E-004
 -2.98618490224826418E-003
 -5.35047607176973603E-008
 -5.34383961374841209E-004
  2.63086871254857285E-003
  4.51663898800244145E-008
  4.64839972350446890E-004
 -2.29078658201626499E-003
 -3.75278242115550949E-008
 -3.97779651139338643E-004
  1.96224743544076621E-003
  3.11573957495669133E-008
  3.40218392742370080E-004
 -1.67998719215974404E-003
 -2.55478712044086809E-008
 -2.87347777714595115E-004
  1.42035239732382764E-003
  2.06330494069179160E-008
  2.39195022638278719E-004
 -1.18357700851311805E-003
 -1.69780870548487280E-008
 -2.03159646480945610E-004
  1.00639157901436763E-003
  1.37447267210683966E-008
  1.70031693924755641E-004
 -8.43291098223232743E-004
 -1.12617100919803190E-008
 -1.44229304648518249E-004
  7.16225764671372142E-004
  9.30691079756630386E-009
  1.23538896914369078E-004
 -6.14293074003972243E-004
 -7.77841312587117007E-009
 -1.07209727360644869E-004
  5.33849794633626238E-004
  6.66094823199321784E-009
  9.53659425036562490E-005
 -4.75559219253030138E-004
 -5.81111634369715315E-009
 -8.65703397303019208E-005
  4.32356685070386384E-004
  5.00300161070483618E-009
  7.77252842350101405E-005
 -3.88814780380573768E-004
 -4.30411210041108828E-009
 -6.98228951796987834E-005
  3.49877387091480354E-004
  3.66246985811516833E-009
  6.22219134881108507E-005
 -3.12361325716668792E-004
 -3.16851955389433116E-009
 -5.64682878417373994E-005
  2.84020026458814314E-004
  2.72480751936773285E-009
  5.09575459056623836E-005
 -2.56799668766087368E-004
 -2.40984845273049573E-009
 -4.73241967652197415E-005
  2.38960920325035123E-004
  2.06933331383407601E-009
  4.26730631975004448E-005
 -2.15904360560626303E-004
 -1.75841952067191751E-009
 -3.81532053084865868E-005
  1.93437873243180346E-004
  1.51093269008161074E-009
  3.45315217382114096E-005
 -1.75448003374634940E-004
 -1.31144259999630971E-009
 -3.16405230541882816E-005
  1.61113824387446275E-004
  1.14366461139590287E-009
  2.91946726373865604E-005
 -1.48997467264492205E-004
 -9.98972400085012924E-010
 -2.70742150656327986E-005
  1.38502996686702066E-004
  8.71977960228534838E-010
  2.50928909118326932E-005
 -1.28664958198682820E-004
 -8.01356202593695990E-010
 -2.44282981111112705E-005
  1.25528880015614248E-004
  7.51677470285602960E-010
  2.41947652957281519E-005
 -1.24576911776328153E-004
 -6.92014624759801534E-010
 -2.34611129088834159E-005
  1.21024111315735450E-004
  6.41531099810635916E-010
  2.28221306994010185E-005
 -1.17926865867929164E-004
 -5.76459656881793094E-010
 -2.14387073501469619E-005
  1.10948196106245848E-004
  5.27212316474818319E-010
  2.04128238505066582E-005
 -1.05783890521204006E-004
 -4.66135029971852794E-010
 -1.87313653200003053E-005
  9.71917931426566665E-005
  3.98066548559109780E-010
  1.65645522996307046E-005
 -8.60494737776144327E-005
 -3.47140334169436783E-010
 -1.49262469319299435E-005
  7.76235681315990561E-005
  2.90284244385774961E-010
  1.28729076470470462E-005
 -6.70142983421757041E-005
 -2.36237984732317966E-010
 -1.08235929931757893E-005
  5.64073241044400468E-005
  1.95980777680068642E-010
  9.28970075124607074E-006
 -4.84683771558824095E-005
 -1.66578911543720634E-010
 -8.16160523123322200E-006
  4.26293672345828188E-005
  1.38959594725250806E-010
  7.03568760533041831E-006
 -3.67884845438660570E-005
 -1.16978505102003133E-010
 -6.12225203672919615E-006
  3.20471149615848480E-005
  9.93307743001617450E-011
  5.36669338292439981E-006
 -2.81213644609914064E-005
 -8.46405020845275417E-011
 -4.71505322721528425E-006
  2.47312671206528820E-005
  7.16450535516047065E-011
  4.10805193742418238E-006
 -2.15675696206568921E-005
 -5.93378399279604841E-011
 -3.49694067505058162E-006
  1.83753233214337769E-005
  4.88588117422792453E-011
  2.95387814198685269E-006
 -1.55344593457838090E-005
 -3.99278458232820405E-011
 -2.47515164365451682E-006
  1.30272285117279767E-005
  3.19671141191410614E-011
  2.02998734362730496E-006
 -1.06925423512150266E-005
 -2.52140527512731226E-011
 -1.63955155666939105E-006
  8.64253323702603019E-006
  2.00588753784507754E-011
  1.33508546972927001E-006
 -7.04294965116214810E-006
 -1.59094908442755725E-011
 -1.08466961960517347E-006
  5.72634629279951728E-006
  1.26559932127577216E-011
  8.84098290390297297E-007
 -4.67121741988666650E-006
 -1.02031630759964074E-011
 -7.31015865837403267E-007
  3.86554711159830849E-006
  8.27277657627973752E-012
  6.08126374514569242E-007
 -3.21851068066053108E-006
 -6.64953398218909710E-012
 -5.02490223843314641E-007
  2.66182514773442450E-006
  5.38762980734197638E-012
  4.18131852294542996E-007
 -2.21701950150495956E-006
 -4.22589170022930801E-012
 -3.38205030244589849E-007
  1.79505488771406859E-006
  3.39187914629874904E-012
  2.80009221074371568E-007
 -1.48784751039763257E-006
 -2.80423413974302223E-012
 -2.40194775023275452E-007
  1.27786235641352964E-006
  2.34764099313647659E-012
  2.08043935815639215E-007
 -1.10822679212887037E-006
 -1.94898342087196242E-012
 -1.79659976434650537E-007
  9.58284088082869556E-007
  1.57923658342456099E-012
  1.50890156024667882E-007
 -8.05946854164419587E-007
 -1.31296989953444570E-012
 -1.31249450018595104E-007
  7.02085316089839820E-007
  1.13519059948059548E-012
  1.17849989565834102E-007
 -6.31343009133676672E-007
 -9.82643364105903773E-013
 -1.06764032857677107E-007
  5.72781240169080557E-007
  8.77056030318881631E-013
  9.88710346402020500E-008
 -5.31213153821343132E-007
 -7.65049918305185453E-013
 -9.04418933295478618E-008
  4.86617997815471003E-007
  6.90372577609684239E-013
  8.43181060152048916E-008
 -4.54272591843434360E-007
 -6.09658332406003783E-013
 -7.79005072396405784E-008
  4.20222557314672367E-007
  5.31990219631791257E-013
  6.97427290856162515E-008
 -3.76642193254464239E-007
 -4.50844459956086227E-013
 -6.16128334960071946E-008
  3.33088050032889277E-007
  3.95131389326135040E-013
  5.51322324474743652E-008
 -2.98361544984610178E-007
 -3.39457465274288447E-013
 -4.95297409630600206E-008
  2.68311917725341541E-007
  2.89764178236482235E-013
  4.29016285090557732E-008
 -2.32635212943760900E-007
 -2.35406131253682420E-013
 -3.67149439002579101E-008
  1.99286918285140298E-007
  1.98137854229209705E-013
  3.11487778223393444E-008
 -1.69240043425537675E-007
 -1.56790784392683591E-013
 -2.62955809037140473E-008
  1.43017641768552921E-007
  1.30892334476068324E-013
  2.19530885285726099E-008
 -1.19527340625025054E-007
 -1.04686512198856313E-013
 -1.91090357663975122E-008
  1.04154916974723318E-007
  8.96465732390885377E-014
  1.61550920830939496E-008
 -8.81487315379577660E-008
 -7.01146384247894444E-014
 -1.41354207007696128E-008
  7.72130994701442938E-008
  6.27029442433757067E-014
  1.22598241880570510E-008
 -6.70390620665388673E-008
 -4.67115963243785443E-014
 -1.06392504391843916E-008
  5.82375766296171183E-008
  4.14442399687976781E-014
  8.95294710185740314E-009
 -4.90570500075864802E-008
 -2.88051533000364683E-014
 -7.74715258098531189E-009
  4.24916425359538763E-008
  2.67812837340707918E-014
  6.68368778078907958E-009
 -3.66926970939997815E-008
 -1.63347929345699580E-014
 -5.87615125250085258E-009
  3.22891241191691236E-008
  1.58263742242438319E-014
  5.02948389617227578E-009
 -2.76623102299351265E-008
 -5.50102817088864758E-015
 -4.30282655531738235E-009
  2.36868974422635685E-008
  5.81674099829381036E-015
  3.71715819893113568E-009
 -2.04808249278008508E-008
  4.43005219437934620E-015
 -3.14084496699927173E-009
  1.73194202755999862E-008
  5.59602561815642214E-015
  2.63074812945333327E-009
 -1.45178354661689038E-008
  3.94617799666938521E-015
 -2.22309164614886599E-009
  1.22766255537514960E-008
  6.10993160479761771E-015
  1.83163802599479148E-009
 -1.01209271789248674E-008
  3.75858896291637577E-015
 -1.41434619561792531E-009
  7.81916203346259651E-009
  6.39200968206993667E-015
  1.06584607265230941E-009
 -5.89511537456200950E-009
  2.88689535159320171E-015
 -7.73659326627584030E-010
  4.28057614940833191E-009
  7.29075933409654234E-015
  4.95586083226169053E-010
 -2.74271551566622966E-009
  1.61968280635158261E-015
 -2.33556140982610526E-010
  1.29275824923701010E-009
  7.55078185141891747E-015
  3.13958952319672934E-015
  1.37901517804473385E-015
