  0.14312379368119107     
  0.32677039068256114     
  8.98013786949740378E-002
  0.26538393562866341     
 -0.42356682752806002     
 -0.11483496484257363     
 -0.44733534253774998     
  0.43143952079526443     
  0.11425641350809415     
  0.56694924613641762     
 -4.71680269326153132E-002
 -6.63455222165880952E-003
 -0.49353673947353149     
 -0.31537663504297436     
 -8.94888334378618894E-002
  0.33183090928346509     
  0.45384712804954136     
  0.12051922365832206     
 -0.17073638970134072     
 -0.34599484861916985     
 -8.44263585132466604E-002
  6.68419588474627041E-002
  0.18080020362051563     
  3.17715881847598497E-002
 -1.49497343618433913E-002
 -6.16356853614176622E-002
  2.90995716302342444E-002
  3.39484504010082897E-003
  6.31261425860749348E-002
 -0.18490903711280657     
 -1.35030341041770976E-003
 -0.16002671518682898     
  0.61056306211403366     
  7.95464947111302972E-004
  0.16308338708649020     
 -0.63793853934016320     
 -2.90246124673906370E-004
 -8.39847891458871815E-002
  0.33295668238329423     
  4.55973063889933566E-005
  2.03052084967533832E-002
 -8.20584925472137988E-002
 -1.62906184032457576E-005
 -1.16201502837293899E-002
  4.78959872629388869E-002
  3.90900858630993760E-006
  3.90839714289627910E-003
 -1.63222596487856073E-002
 -9.51134876926632101E-007
 -1.32724917373708284E-003
  5.61421820637377379E-003
  2.02252995773559919E-007
  3.87564684270625965E-004
 -1.65934273132050270E-003
 -4.39827327800270144E-008
 -1.18542164267510975E-004
  5.14232382616192194E-004
  8.66177765068326889E-009
  3.23118433642468632E-005
 -1.41941860777769214E-004
 -1.40053561692669102E-009
 -8.94608279066436799E-006
  4.02455349878989572E-005
  3.67531965168035369E-010
  3.53527079447477509E-006
 -1.61657472199986971E-005
 -6.60995083375280603E-011
 -9.38278018427463083E-007
  4.35544410182316233E-006
  4.71294773035203338E-012
  9.05747833157750035E-008
 -4.25153770861383203E-007
  1.10668766461762972E-015
  9.09388153028324119E-016
  9.60875743890715394E-015
